0.	0.	0.
1.	0.	0.
1.1843650924387303	0.9828578293375183	0.
0.5686078040453919	1.0111375394953142	-0.7874282315131166
1.5104389102618432	0.8101008341728012	-1.056757788888769
0.9378614846134012	1.3546938264164516	-0.4439172187264217
0.3076256352216022	0.8514704134255915	-1.0351607986148028
-0.1836055131769951	1.6989610573755944	-0.8340350487462082
0.6046022739344028	2.0400624379236105	-1.3462638379851486
-0.271762044177304	1.587313140817658	-1.1819359465282588
0.5902865018930277	2.0541162410135843	-0.9845349083711665
1.3187253679572712	1.3729757570516674	-1.0581858385429284
1.4519780207395272	2.3019717681871352	-0.7129176213249482
1.8445063112619238	2.4343526038875005	-1.623080714115926
2.297936814783235	2.849511156750718	-0.8343829554903989
2.0052325307482386	2.0285652724329735	-1.3246604862108247
2.5551998022399065	2.1848000340298563	-2.145103476038133
2.3743080348352037	1.3812945011875766	-1.5779553232799246
1.4327282667550452	1.6697281947914093	-1.4040773639631572
0.637979939363258	1.7115848412316292	-0.7985832539532124
0.7151430047259753	1.2821913183829454	0.10123176252485605
0.6244207991020629	2.278013084572511	0.1116476825431961
0.9522345043276762	2.3292547239069057	1.0549994033051704
0.921670716339384	3.112275762920568	0.43375556444173813
-0.0511853220171684	3.092651656874164	0.20317797859465317
-0.49984241486011494	2.3631436852543435	-0.313082549031517
-0.9242271475920174	2.1148032641666976	0.5576784020211135
-1.6052705029855627	2.2321525019782182	1.280457140266337
-1.405568070853232	3.002021876933518	1.8866090058135507
-1.3009858940447818	3.703143287554621	2.5919396629260016
-0.42311504095833813	3.2252460992424608	2.5610035561151547
0.3532795736774522	3.2861792436843515	1.9337089249624846
-0.536399699749791	2.9345113738840705	2.224914178665273
-1.110810713582202	2.3342025697348676	1.6684239929036782
-1.9267017632033065	1.7676902022015089	1.7841198553185436
-2.841710063813598	1.376043799855563	1.8809336216110841
-2.365940513107542	2.2509550624359727	1.7905255620648641
-2.5620412287050645	2.1001831045573582	0.8216022802413807
-3.32534397957699	1.5904503374756847	1.218517153576473
-4.111207519153787	1.865787005251639	1.7722393009950708
-4.441117661243482	1.0680703938942036	2.277023914578695
-5.258048500063058	1.0789801099369678	1.7003914643286113
-4.556276356956463	1.213129656236814	1.0007345781428683
-4.871816242823106	1.2535159750074043	1.9487870691387121
-5.784799973485764	0.8467761075001846	1.9167966373581322
-5.816794578430102	1.8445246931254893	1.857855097361645
-5.423898960821844	1.3745224065064294	2.6482542903249726
-4.784715904962801	1.7910225026412268	2.001746215338748
-4.784122602734359	2.11625655385388	2.9473795797693114
-4.652957424563348	1.34871535408283	3.5748157938097385
-4.207958294799327	0.8730785146482839	2.816036925178051
-3.6703044882566647	1.6758700895471654	3.0738237975776292
-3.823881656425831	2.221362754004515	2.2498991611937162
-4.561171241251516	2.661617470434655	1.7374737004986116
-5.047933270117326	2.518532945611526	0.8757373452190054
-4.964601145613088	3.006081414753612	0.006627313483766801
-5.44537721364349	3.8238472553785283	0.3230343335011112
-5.412088445202787	2.8675582127713937	0.03251217447492782
-6.404379818858003	2.8239820784247436	0.1485248905229981
-6.065162973266345	1.9871687776691311	-0.28121390379902883
-6.228169999669576	1.4011312861977236	-1.0749322215497794
-5.9086239085605055	0.7338383941627229	-0.4021688962291473
-5.779216588861849	0.5541286296626431	0.5730019329857852
-6.085997477122111	-0.3695406503200756	0.8026114881320033
-5.390832157801251	0.2647778129925869	0.4644025794465723
-5.656228248064238	-0.698652708782382	0.4274357702046078
-5.9739824410734705	-0.42869722431355317	1.3363671808348336
-5.052620274139926	-0.6792056962951666	1.6335830330516306
-5.287412058862088	-0.6857568227631966	2.6056066441686547
-5.45026838052502	-0.05171875038231475	1.849647953983822
-5.393607445000565	-0.7753366139012382	2.537519109057066
-6.15793285500285	-1.2125511721375455	2.0635464329552975
-6.499069278618939	-2.095940911030117	2.384869494221874
-6.024512100499892	-2.440921339111525	3.19467440216974
-6.138494769309791	-3.3389569927520504	3.619574291557142
-6.253280989270347	-2.4697522171936437	3.1386302388299647
-5.289223703269459	-2.36813784231689	2.8931346826033284
-5.981066064045775	-3.018533858813318	3.206725450262435
-5.597835234990506	-3.409653441872572	2.3699700478841974
-5.886849379682895	-3.4754677413392487	3.325029890068674
-5.333654828447211	-2.7030996966447622	3.6371570949354832
-4.555459898144457	-2.118647810431282	3.407312270863696
-4.444971262722078	-1.143132342444884	3.5974749200926586
-4.745170641896568	-1.9378998406563113	4.124945257201782
-4.250442647237346	-1.7076640998739514	4.962940313850016
-3.523268987289983	-1.1912821420290123	5.415232411825413
-2.917199853575256	-0.8649789256245316	4.689831546012326
-3.4915135467055083	-1.6696703964128479	4.539380827424402
-3.058552008825518	-1.2629944725960647	3.734918895631256
-2.2471965455392713	-1.7940461359563744	3.9792269860372285
-1.6042710346696378	-2.3990446988117426	4.448932773116709
-2.046743148579174	-1.886740323519943	3.712887492261443
-2.828793939001344	-1.4521625318699538	3.2661899388713733
-2.0395884292091937	-0.9127709697128679	3.559807727820628
-2.999890137034705	-1.0951931029488424	3.7708593690202252
-2.295218143919386	-0.555347489189834	4.23129839367391
-1.361548744277635	-0.7978307649494586	4.494857330440414
-1.1489668882135016	-0.16518019611601928	3.7501679910330017
-0.5304369357570093	-0.9251800520355742	3.949719781093685
-1.2716701967269493	-0.5402456473501797	3.3998118279584624
-0.882085507980645	0.3024603732739338	3.028233662428894
-1.6738210299798244	0.9038347364548591	3.1354891448688407
-1.333558415749741	0.5572117707423594	4.009602337194629
-0.7792715854370447	0.5400012305530846	4.841750104750548
-1.51462509600972	1.0438518810344546	4.388550660247415
-1.2126492419413988	1.992653101776284	4.29588552614334
-0.5226908705811883	2.4160065007369114	3.7087489616385767
0.0779745595551345	1.6213687261793768	3.620704380400451
0.6236980132030773	0.8771975991699451	3.235483345325683
0.6718250283262471	0.033530910140128115	2.700777530660459
1.2785728413101523	0.60000978368056	2.1431407516800802
1.0923274332564308	0.01995774256862473	2.9361428182478666
1.829598058833707	-0.5327462857102293	2.5476196120101653
2.3242786674850544	0.33001531094729625	2.6521830987409007
2.7934852247975615	0.8390202301695601	1.9305466260051578
2.976671940437087	1.0918032145976149	2.880569462571128
3.390094996122885	2.0000781174477558	2.944741714206695
3.928477566872204	1.9832796680512217	3.787274811248723
4.428758582531507	2.214743405873276	4.621626921238472
3.793026013928061	2.4523143278567616	5.356068313212523
4.709269630215331	2.1158793454224636	5.138561673756917
5.479757782191769	2.7423945826994585	5.020974832980884
4.808338141485402	2.952498552203792	4.3103047350646655
4.662686144034412	1.9632675204410395	4.295901213407103
4.60594461707432	1.1028937064064	4.802396326159169
3.7969236275173226	1.6602731168593663	4.6158132849702325
3.283829240625377	0.9744909576867204	5.131988623688074
3.3035557577211647	1.1596999731277902	4.149487486221744
2.925478313460315	0.40850136917613816	4.6905587417530965
2.7935375901575052	0.6655531059657388	5.647907189366491
2.8696040259494793	0.35946020836537224	6.596865057443105
3.6632123418945803	-0.00005813557074918442	6.1060164033385895
3.4785986560647957	-0.778236608492006	6.7063130394163615
3.4844027647956257	0.05795169474652725	6.157901301897103
2.65177131937853	0.6092540082797738	6.210727764920158
1.888100266199465	0.6603307479627013	5.567145843794542
1.6828455251193066	-0.21495219732656623	5.129252869484775
2.595641839358474	-0.47849297672371927	4.8172446223083005
2.380531362418184	-0.46671471836943335	5.79376331406011
2.5925257752198676	0.19590537169961245	5.075436796954018
1.7219316744613198	0.679707400926202	5.164887946978201
1.6030743210942888	1.4537094991011557	5.78681533950192
1.471245817815952	2.399892141012805	5.491248673809577
1.0401426353071557	2.1907488524983303	6.368978205556202
0.24421337762302642	1.6230499433959933	6.579250803310629
0.03988262637876877	1.3672374074714948	5.634365153848307
0.668147914794803	2.127287146472569	5.46821124442718
0.60749182243946	3.0933375572835398	5.719343564593543
0.20300676830568268	3.828843100158267	6.26287225508093
0.043849835057460394	4.8084626607222924	6.3854062795776425
0.6457296150192469	4.288993972502579	5.778864432354847
0.8703347521213028	3.8263591465658466	4.921238902057477
0.774745706361904	3.9566207203161823	5.90809991392029
0.12356047892012652	3.2625295871641677	5.601187388204323
-0.7402590106030618	2.810284851444608	5.823202226748606
-0.11012893254877762	3.4497507418243587	6.26367862767393
0.028389029176193646	2.475076509094517	6.088114068801561
-0.7423403589581	3.0221359636711784	6.4147670397423076
-0.859925587459642	2.432561461607211	5.615657772774218
-0.20844169439626123	2.8738842494157724	6.23275009491075
0.3521991920531618	3.4156983013658917	5.606555772395286
-0.09351802202677952	2.5551441918409035	5.360014113334461
0.7184550088603538	2.1197551610420566	4.971251732217142
1.4777515873246645	1.5807120490154751	4.606695523507037
1.7260921184894569	1.920742935626059	5.513726932407309
0.8154156763901421	1.9162075030296504	5.926822378589551
0.7071664309662489	1.790138508889411	4.940724660520176
0.9954754249533254	0.9000378859338412	5.293710219715259
1.8517126918013767	0.5887482380443071	5.705968024950507
1.6764222715180603	-0.3610001279000155	5.965296600203979
1.380305110894663	0.5876806898420474	5.854304108419215
0.9775006883088329	-0.20177207270770006	6.317459517378098
1.1901136832308858	0.12244512990396601	7.23923981653888
2.1465936010384037	-0.043121308395723375	7.479518657346139
2.5162748106902377	0.2254035084774413	6.590007428662884
2.6000463451543174	-0.7449306766635009	6.816797858708764
2.749696153000728	0.025132082735125023	7.4369658049934015
2.2594582884870293	0.5317844389723638	6.7277618666820675
2.3938028105834577	-0.3129100626654647	7.245876475900447
1.7299662243229263	0.14987440439916316	6.6583804982242745
0.9681107251830977	-0.0655408484503687	7.269258937252994
0.44885979172018337	-0.2814875026065281	6.442369881419829
-0.3060013375961774	-0.47116486957040793	5.814510683901088
-1.0428467539661934	-0.14072627285118383	5.224706338229801
-1.2877488842081097	-0.9786786259966044	4.736998638412561
-0.3122152500189677	-0.9126288055329694	4.52730469528962
-1.1137265729049688	-1.316204616023666	4.086049480620935
-2.0722730858363767	-1.0822636767361271	4.24871545577341
-2.3012330684311895	-1.6477271240861449	3.456359212609251
-2.13427720938578	-1.693450278919961	2.471455595881982
-2.4569392837959954	-1.3510807632447137	3.3538797005355163
-1.6765035797574146	-1.9735392916315486	3.4127481326557847
-1.961880043750951	-2.6990034288671567	4.039056410889072
-1.530512849488911	-3.1360471509556804	3.2498066857085646
-1.4155575817434072	-3.4381940531078423	4.1961113596574
-0.942179807756028	-3.271446214958187	5.0610440978325455
-0.17274400487868027	-3.904972432443633	5.1423649254788595
-0.216150218994625	-3.6696664031669592	4.171413344213264
0.27565195243558693	-4.032377262974619	3.3798506768557677
0.1125063028336925	-4.937159415244855	3.7732369424386256
-0.06374045284517349	-5.872436233655827	4.080147929625016
-0.739852093073185	-5.1651092792627855	4.286452630340389
-0.2132178521001995	-4.326397535670628	4.425085192876832
-0.5505861853288281	-5.05646792999278	5.019374539129005
-0.9675866822707846	-5.897697880686688	4.675219406077508
-0.8238308601374239	-6.502006561496587	3.8915451868380524
-0.16503502607059975	-7.206721059806483	3.628171830387509
-1.074055360277979	-7.5806878265373845	3.8121035823454874
-1.451238951878043	-6.834147105290002	4.360199823663653
-1.7654160583838652	-7.46151255302553	5.072734272469616
-2.309046576931657	-8.122333061751478	5.590210952669448
-2.719518307582685	-8.780309057820816	4.958878594134808
-2.116523888416068	-9.287887181696242	4.343442018509826
-2.2010459562972313	-8.297519386143529	4.453112659855449
-3.075109647214731	-8.280153052428236	4.938613509157454
-2.4350123289106174	-7.5307903820234445	5.108115754876093
-1.6930992089852257	-7.0085651777962426	5.5286460849979715
-0.7128620807757249	-6.921565668463077	5.350977129197032
0.04187584486981489	-7.542964775425365	5.140658767043946
0.6923430370874224	-8.019186496930411	4.548961797459585
0.4914315100599934	-7.2902306671532395	5.203376006154197
1.4387828355829422	-7.423954824126173	4.912440762720524
2.1946438198243428	-7.809774594157537	4.383463185166828
1.4552518956291647	-7.44344783599692	4.94835635089863
2.1790126243504098	-7.019031808488884	5.4924532569321
1.4844289542007032	-7.73824421900454	5.509395326511064
1.231181009636379	-8.621225236355913	5.904629436338495
0.27066187574640727	-8.89908331732095	5.890562443990767
0.3746695354409388	-9.850023083115392	6.181931571654733
0.6201786069307897	-9.853358155131714	7.151320127967864
0.203368506549189	-9.985594938805754	8.050643636647258
0.3469603450964345	-10.965807687660934	7.914392578359812
0.643612249964942	-10.109773766528459	7.491068148154664
0.2066028156224956	-10.110326514465097	6.591611396128509
1.0821515071343126	-10.31994231832153	7.026899465762358
2.0325089003459276	-10.106651748300893	6.8003427225205835
1.2154344550152691	-10.48122541063042	6.362068924220181
1.6351042361745753	-10.914193256780326	5.564311994458976
2.2043073673271416	-10.777184789434035	6.37501321893166
1.4093856769518702	-10.182831268719774	6.496846706058399
2.2955272716251325	-9.932780277343369	6.887010230624253
1.7814014930086672	-10.547924968315828	7.484732317325415
2.4669842207362085	-10.228508056404374	8.138910549787058
1.4697041822233434	-10.27478556563804	8.081544035836211
2.267653833401489	-10.845521673041699	8.275287809646928
1.295516377658879	-11.060864309051627	8.367896212389876
2.1469890300064933	-10.831718583371943	8.839581021035293
2.0777180240246995	-11.762675576709581	8.481083316320154
1.6151444534811559	-12.328137795701153	7.798237674371916
2.2818198592254526	-12.127940880381843	7.0802786933205555
2.3947892327187734	-11.526736240912637	7.871348160645168
2.5377174253924966	-10.984681735529488	7.043248864103453
3.46384864570202	-11.237395078483901	7.323279092937427
3.371108129198937	-11.611192181660915	6.400416740115943
3.949242820412536	-11.207699028430975	5.691224555928939
4.549053347832372	-11.555674279253406	6.411738647402147
4.180418585949855	-12.268423544782575	7.008477197203885
4.128389712853145	-11.51875315333435	6.348714133255801
3.2608829491681393	-11.37620361849841	5.872151813009173
2.585035200635621	-11.134211996035136	5.175969455102041
2.5667938400783856	-11.017080281736558	4.183020607340754
2.825280696138019	-10.397986868567202	4.924578353584932
2.4473754632308893	-9.710241406504366	4.304744654635439
1.7460945896206859	-9.195055487308975	3.812008817729581
2.63722318399547	-8.988635013878998	3.4079291022815594
3.4905924393716705	-8.653354151115735	3.8071128407321315
2.9465819736674086	-7.814401436218225	3.821637143480491
3.5279190501917665	-8.542542265356298	3.458514386826156
4.4668320796454	-8.568805562397694	3.8016653191441865
4.387830972339037	-8.911365672544852	4.737833784742319
5.360951571657843	-8.713002884298099	4.8548316625879835
4.521275427825091	-9.22407970906797	4.671135030443216
4.309414430676509	-10.10442080847653	4.246736083013599
3.8276298218579763	-10.01876424766654	3.3746428859894717
4.337916714074585	-10.875209495776074	3.4528018561881813
3.3841310502987847	-11.16063812895142	3.358868885728531
3.459086754200735	-10.172010359166599	3.4892405669435687
2.4680583646446794	-10.28452855041075	3.561368146502785
1.698917242197823	-10.062439860961279	4.160616465465644
0.774314921805272	-10.434889327171488	4.240566101139766
0.271846341923089	-10.843051374162654	5.002753131747849
0.025303240733749535	-10.994536442906723	5.959972423866182
-0.6932723234765125	-11.650761075681313	6.190229649289742
-1.24160931824442	-10.866338353379998	5.900389119159355
-1.6782987115429122	-10.182315561637092	5.316081670843979
-1.706072643990081	-11.134446537719198	5.620507709581336
-2.2889569034025476	-10.417339124818628	5.238404453258851
-3.0410905635786416	-9.97629510453625	4.748736066079054
-3.2555501770337605	-10.555792454783349	3.9624855365063967
-3.275357132903676	-11.087588619126715	3.1158448074548946
-3.5483682643107546	-10.181904142386418	3.4401911512288055
-3.1971738184342415	-11.047734719508613	3.083820735922265
-3.2061015737987306	-11.998486981323117	3.393643962680336
-3.8562642278233423	-11.320144529849793	3.051386688337155
-2.9802944701014455	-10.918779104712042	3.318936270771254
-2.5459938567142526	-10.80236283004761	2.425722842633981
-1.6084893687256607	-11.148895712853077	2.4573503012070446
-1.072407476257965	-11.557367981374576	1.718590116561767
-0.4621668338015928	-12.239305242058924	1.3153929801820885
-0.5693691894875992	-13.165165237737288	0.9530520863571685
-0.7836666112624633	-13.073257292687394	1.9254869400400934
-0.2779016492636342	-12.26399194095073	2.22430359568836
0.3372037345147298	-13.042298672897306	2.35033532920618
0.8761958281997887	-13.10658679579628	3.190189221379746
0.3580620274490614	-12.312430578877485	3.507763256289497
-0.23433143157550765	-11.839125738009908	2.855802738070643
0.3022089135724491	-12.518884915403785	2.355750821988649
-0.6773326702433763	-12.48100562685812	2.158106077371179
-0.9103623703794242	-13.38207068410445	1.792348067938458
-1.7614181930343373	-13.821330908177377	1.5046773494554637
-1.3781279132488862	-13.981248205182284	0.5949988240737528
-0.6397200255207621	-14.585337523817033	0.8947151673923699
-0.7608960722176309	-13.597265246871872	0.7996912691387921
-0.9500459889480654	-12.651320083984373	0.5362333829204702
-0.9298334982659464	-12.68546288518665	-0.4629791692157078
-0.2407613073704314	-12.467419588715096	0.22813343853956958
-0.9197123631959642	-13.119154530554695	0.5661675039511266
-0.4061714784883925	-13.400139612227463	-0.24458717140457717
0.5108375773209469	-13.79837605885106	-0.22217904465881683
-0.13877014002014187	-13.372565945825476	0.4076586814389672
0.47052816192816804	-12.826822898176879	-0.16759787453071753
1.052847627886656	-13.353966728553317	-0.7864867350395042
0.8215374818044673	-12.68982120473452	-0.07556737286762391
0.6637916201363045	-12.053444321179906	0.6795092492071613
1.3821975959201787	-11.83243366838345	0.019928211495718984
1.1817887361697494	-10.932827822280213	0.40793028699332606
1.7159421648292774	-11.42673164284241	-0.2781740277324591
1.0235988489998835	-11.19874291037353	-0.9627774683414084
1.6268528611680155	-11.416679087309511	-0.19558230439316016
2.012231761466158	-11.281387215046784	0.7172042054242617
2.4249836740993413	-11.51594216048346	-0.1629206926378503
1.951311682927179	-10.64307450696638	-0.04571615252710296
2.143492498468778	-10.012018111835278	0.7058384764267323
2.1000562212455174	-9.015672079214404	0.7793767188697472
3.0591250260352134	-9.234915873985187	0.9585949828211902
3.005507945958593	-10.232942911803876	0.9259263356665498
2.5439731022098915	-10.54243247705098	0.09454086730123006
3.1620010136782213	-10.693596180983162	0.8660271181570708
3.5050458416089927	-10.615621078985177	-0.07004987093000652
3.2014143401856763	-9.97311892474729	0.6335117064341153
2.678683428216504	-10.41852941672327	1.3603967642731103
2.4267814488329735	-10.201109321564285	0.41738356446957264
3.2794905575224806	-9.682555690354826	0.4805445296097806
2.937390989475657	-8.967983730014625	-0.12966428631945184
2.8823575530778958	-9.705519161222234	-0.8027265483663242
3.8755682477418043	-9.626522789231439	-0.7173328178144841
4.729890088684023	-9.71902677873624	-0.2058866290372162
4.796087227444263	-10.714704214339573	-0.14073769926580537
4.198944565940373	-10.677397648968714	0.6605293361177126
3.596054831079729	-10.941011584210406	-0.09248571070806585
4.483045720647368	-10.603216634702523	0.22238209315731675
4.523874060976729	-11.171896160906046	-0.599163184415885
3.5869784852684563	-11.016836052808701	-0.28582144909303614
3.902354667832161	-11.221691300089791	0.6407702577190533
3.2565979769971114	-10.473781453007977	0.7944880409447241
3.7249444931297218	-9.937530985227834	1.4966895623273262
3.127345682934934	-9.179776718204693	1.7587661405673336
2.170028504882417	-9.082016759986896	1.4867609730156306
2.7385779558557966	-8.308405319368205	1.2069809509594718
3.7351956371953863	-8.324738860864892	1.2875192192762803
4.65445689011164	-8.490659263847608	0.9305469952015071
4.198591131310005	-7.927110136141632	1.6194583034364962
4.3261703693512255	-7.02887441275413	2.0400485116574645
3.968764771011477	-6.62550538807541	1.1976978315929685
4.141716754972566	-7.283626805571027	1.9304759774717204
3.4744061429963984	-7.700755791038949	1.3134670985838193
2.770754621598152	-7.114109131637025	0.9125678176584484
3.10335333108145	-8.008668680386444	0.6140023940219088
2.2442001143341446	-7.510931214996316	0.49520354848975673
3.003933318914733	-6.863082436195413	0.5508579972237363
3.3551201054663524	-6.848016454578346	-0.3853262032141165
3.698747890252693	-7.781690116164655	-0.28446273518502707
4.6680660286099265	-7.897789402509499	-0.06779870410956738
5.438002602422208	-8.449304835737308	0.25318166790365215
6.34165738087064	-8.675327737594749	-0.11057881541368583
6.879633532020484	-7.844441031362146	-0.2527369745180751
7.350902895517374	-7.055045786128123	-0.6461328741295568
6.890983534882334	-7.665171429124746	-0.000981045897606725
6.357632948207411	-8.474365618106495	-0.24743979743963063
5.570928880562845	-8.846468690229434	0.24514117424740894
5.589438219678304	-8.140522133154075	0.9531643821431418
4.924891428820677	-8.84675027819573	1.1973351623603243
4.485883459687848	-8.975925389098792	0.30818624695805036
3.5768757451092332	-8.618553287162955	0.09373309217937403
2.641174835196861	-8.689740559396192	0.4392706146876538
2.621201097228205	-8.60536332285549	-0.5569630585764687
3.4436643109737055	-8.03844919474492	-0.5104589363498865
4.002273717357293	-7.739452038233646	-1.2841230957226422
4.270862995921953	-8.560037780306143	-1.7886018756009137
3.8019338818598567	-8.427130464952805	-0.9154231244219194
4.502202695673724	-7.941357027934754	-1.438536645837095
4.7739585964059525	-6.9852978081605945	-1.5485343671864735
4.496766390992568	-6.172862297085227	-2.0614798044425138
5.295383253942213	-5.72768856575899	-2.4664877736845257
6.179534396834731	-6.082511699035489	-2.770424116713288
6.097414191147032	-6.234325514147781	-3.7554159122927557
5.660283049721268	-6.674428635793366	-4.539779098268248
5.801845109339933	-7.655636980393246	-4.670891141056446
6.762757325698929	-7.6190383054414825	-4.9453146266472405
6.021871602016763	-8.027046662783656	-4.41181905517276
6.099282352528471	-7.033095703446707	-4.33391484387226
6.688397357858355	-6.312488122401482	-3.968308190985139
6.719092806373629	-6.7064760220680615	-3.0497052711352444
6.32999641443278	-7.44829196894922	-3.5958857346556923
6.0797391936304095	-6.59690654059958	-4.0568783331105625
7.0383660290588645	-6.5396044211611315	-3.7780395669673306
7.446841904265158	-7.4492317724642625	-3.8537068725603634
7.396717493274782	-8.443847030163214	-3.9444153758847817
6.850647458937651	-8.732348523298375	-3.1579203625135563
6.751776622750521	-9.619592554253824	-2.707340084110697
6.339191392574838	-8.933901616085024	-3.3070077963931617
7.319591174457925	-8.880330328588318	-3.1174124777812593
7.355928366278749	-8.883657843017946	-2.1180784314592813
7.400527007753878	-9.772888195114204	-2.5733589406943054
7.751224236559338	-9.448918932238538	-3.452025754919127
7.4675847580929995	-10.234787028423069	-4.001534609856535
7.539614914189277	-9.768039998358775	-3.120081907473184
7.158569903119613	-9.708495339787987	-2.197444853602815
6.758449332423434	-8.96456133897529	-1.662219918327414
6.9393080842168695	-8.674813808087668	-0.7223600988626939
7.512784198034973	-7.873846266616474	-0.8943372612701195
8.013530224385757	-7.063187807921438	-0.5908800477455728
8.041612896438457	-6.203983024298184	-0.08001949600049037
7.477936647275204	-5.863640153917916	-0.8326387999720105
6.598543926264107	-6.302288159025759	-0.6475540360188761
6.180666605910757	-6.430832152570522	-1.54691769264385
6.915771239155362	-5.753414929603233	-1.519953193583143
6.533986728954327	-6.367530939972201	-2.2106789811277263
5.950904743173279	-5.9603378706234444	-1.5076788373639012
5.738600657894922	-5.406783456896201	-0.702381074783371
5.553574759878675	-4.964615069712853	0.1752592470107956
5.335794063955859	-5.889419731053067	-0.13668290603490896
5.048383074241035	-5.29415017545536	-0.8870488695284959
4.281681481057021	-5.7269927101978775	-0.4129012056865436
5.132450273323473	-6.205899112737659	-0.19647311205753729
5.269276848029293	-7.190916589986462	-0.30144481285678176
5.909189574227225	-7.9311135951824765	-0.5078911650860854
5.045548102076815	-8.357885673964747	-0.7761988249724637
4.056379114481944	-8.250140847234892	-0.8758771390306953
3.619541356651228	-7.9392689522969055	-0.0317613660048033
3.302278712457908	-8.49564741578775	-0.7997375505073071
2.751022982063361	-8.800828540258692	-0.0232186512048916
3.0397433644066103	-9.713205973236962	-0.3134047304911646
4.014095396753037	-9.6674806733256	-0.5337392806879266
4.825869403380818	-10.249506967185647	-0.5813665356898519
5.258950741606211	-9.537904990094733	-1.1345963077386818
4.9685505250571484	-9.383934968619188	-2.0790331487794655
5.861567746518659	-9.826625010777379	-2.159939074070206
5.650413424373189	-10.538858230145832	-1.4905082012630353
4.9574516773908925	-9.819701775000041	-1.439341705962104
5.432992151197078	-9.401841467934098	-2.2134566984218313
5.257219063911098	-10.226397416179974	-1.6756729965506385
5.203835804056497	-9.358322278941523	-1.1821187607510337
4.892129558346975	-9.785305863212965	-0.33328177101248097
4.1282338746966145	-10.343876888855291	-0.6564872688203207
4.511278838265613	-11.120839057462183	-1.1560934581716134
5.248341274232679	-10.471458237049228	-0.9688943247171378
6.222559634621354	-10.692232331026029	-1.0153419910773223
5.6915333486149144	-11.46589765797493	-1.3609617900577464
6.497675743605666	-11.082335075418762	-0.9103908364206401
5.6641262214775585	-10.610887747577026	-1.198371063573315
5.65422130349818	-11.444025917092349	-0.6453948587539079
6.058160894685244	-10.541359518558059	-0.7938070537675569
5.870713008727872	-11.498188545552562	-0.5716775799220987
6.742042820733029	-11.986226115696374	-0.5206512255625354
7.196161772220977	-11.417876590932982	-1.2067669560342476
7.113503134952026	-11.408843398819469	-0.21022997672784707
6.340853095230843	-10.797620135440123	-0.3817468517658537
5.548381113815542	-10.281389241075185	-0.05694872619419074
5.707318015958433	-10.187691884083018	0.9258838467448132
6.118462352275748	-10.930276324729013	1.454588568895753
6.402889366028446	-11.617878492242872	0.7865282923652465
7.076441373920695	-12.34773902528794	0.9032814292286728
7.291354508613726	-13.224205454169704	1.3341165990786834
7.445458968044562	-13.902357389385687	0.6155334317651631
6.548902008104113	-14.308557292873733	0.7921325710286853
7.185702300315772	-15.056788750847609	0.6060275653532694
7.5420197422545865	-15.735574376502417	1.24812409623832
6.751140861414419	-15.646031976023398	0.6427376458139443
6.124747365160004	-16.264167948413373	1.1176472240365456
6.641052820777696	-15.76724891090392	0.4201515992043119
7.295438304684794	-15.068020324064936	0.7080040297983295
8.167269549958688	-14.582212951958294	0.7704658338955841
8.757876462663774	-14.758763837267571	1.557875041081674
9.281087934862976	-14.486655537840084	2.3654682733104697
9.56073083328164	-15.411443706303501	2.6234734919285487
9.36466377187777	-16.259098322786002	2.1304832703334857
8.426544916917358	-16.057408835536787	2.412004787629904
8.013555882686964	-16.951497395713663	2.585341754738164
7.742637719612947	-16.184172276205082	2.004122768565383
7.8554373900566485	-15.900048638585513	2.9562519577480315
7.939203528942779	-16.763534862006832	2.4588841100361014
8.767521901767493	-17.15105515534171	2.0542649119070653
8.42018961461251	-17.873107461070077	2.6525965507931235
9.097176668097417	-18.475804380497788	2.2301690981741165
8.649063710522707	-17.754286401082723	1.702337133781548
7.8701572289215385	-18.365210102212707	1.5606440700232278
8.535490781700686	-18.97146377549905	1.9962904256524476
7.755186648741739	-18.597667749379262	1.4948903947945607
7.055063058072202	-18.12819834646951	0.9569076464470562
7.3483012227633075	-17.35682605993116	1.521705109551501
7.009379753965093	-17.754157388203918	0.6689096747838379
6.5538155843058785	-16.88765647148219	0.4648571113521886
5.70278801329854	-17.356814975911774	0.7007434634515587
6.347676465318522	-17.431123186863246	-0.05991228932786725
7.298906671946387	-17.55057496269358	0.22450354576153983
7.974548622192764	-18.28149356500547	0.1282437313955216
8.661876522462501	-17.939515443440865	0.7690489450775184
8.013684508593363	-18.112744203554623	0.027537711294937584
8.75291644289555	-18.15157836307315	0.6998680284474458
8.507149669519439	-18.03509511324125	-0.2624366767332186
7.635792778073496	-18.476137638038043	-0.0474514236328557
7.140994589992168	-19.345130772008492	-0.05251957750472577
8.031332420680549	-19.149149552972084	-0.46348175219981064
8.35776718100124	-18.731797273001902	-1.3115722082586632
7.987488209959318	-18.35165688214558	-0.4639952106686646
7.237862199637922	-17.953463089852125	0.06468479503292959
6.545399067533499	-18.543227402252967	-0.3508544528059256
5.857470638144003	-18.302483909271956	-1.0355420068223244
6.134196229761756	-17.342824668339414	-1.0853123618198997
5.908574167864246	-17.37990418256785	-0.11180335065986524
5.044574792155072	-17.13032587364707	-0.5490855781634302
5.882945604889427	-16.71533205715717	-0.19565310564516644
5.7915369950209055	-17.566865398237795	0.3206175937655356
5.059768149681603	-17.736254807746338	-0.33955025226845853
5.251991392320048	-18.13946213234056	-1.2342424218905796
5.578204614899089	-18.931777810636387	-0.7186643004179707
4.853964969267004	-19.509800878794405	-0.3426772416354778
4.6470275804059735	-20.07885995581018	0.45315482856359607
5.201548798768868	-20.640297927266438	1.067397144423116
4.388609457694782	-20.208509686658466	1.4581509582326098
5.062614318383522	-20.560335542672128	0.8085849378711158
4.115844472254917	-20.3987892142353	0.530143485802214
3.640753369134013	-19.561858663460743	0.2584162385200302
3.7302349314087877	-20.443924459898852	-0.20413427846902396
2.8187884133476784	-20.458892525640216	-0.6152804832699021
2.7571501139633954	-20.81374253198477	-1.5481696476652769
2.4610228621002466	-20.77570764571658	-2.5025605519233816
1.5708216791059268	-21.175984446582437	-2.285028171611359
1.4393856536768739	-22.160212607615918	-2.166624209480829
1.5290986037911414	-21.717271950474	-3.058675307138574
2.2393267807719086	-21.046268856250023	-2.845765034572094
3.0693612443345017	-20.490216623305958	-2.802768481963218
2.1434603867523165	-20.273856534112532	-3.1124391356144328
1.5791106194698932	-20.16018802186516	-2.294766334616532
1.9823062072110065	-20.1489200579011	-1.3797218815902033
2.7501905071199437	-19.51435202950684	-1.292102709640205
1.8704793400796118	-19.039854415961617	-1.2611143678907255
1.1020045390687538	-19.32865720506402	-0.6901157433581941
0.6519159021044951	-19.692792906712807	0.12525252292417483
0.21571526109408898	-20.472509218134775	0.5744423207653848
1.1728584190971312	-20.186611740275676	0.5281864320397456
1.8567439528739702	-19.657498571594413	0.02585204996064509
1.4958878214649207	-20.07937138977177	0.8576009169316732
2.401665191488303	-19.717437433811938	0.6372122432735688
2.094551750430934	-19.28311954936009	-0.20957539809066172
2.048479247749347	-19.238507504362424	-1.2075168241962682
1.96590389947257	-18.646767215905065	-2.0094050600953444
2.105990044831039	-19.539187246670746	-2.4383133959512504
1.2052622914866553	-19.5373326923296	-2.0039332916838095
0.7026030067485158	-18.723232325991795	-1.713116791128493
0.004582703502989211	-18.293688315495984	-1.140177353400366
0.971703342227553	-18.547957263870998	-1.135180149654609
0.17477840286246754	-19.042832263798797	-0.7887564560878341
-0.5467487196807499	-18.529663362860486	-1.2535750126712706
-0.7401218848497478	-19.501242419611454	-1.117043128206785
-0.15063470242552265	-18.736073656129825	-0.8581577768452965
0.08139129380410876	-19.612401690567125	-0.43600482691728915
1.0395468220980753	-19.876263541138616	-0.3250322743976159
0.24704230274670408	-19.39655939345697	-0.7016229241815574
-0.24185095588648306	-18.530164873645198	-0.8033279766769957
-1.155320744150767	-18.713946709409655	-0.44028915950807984
-1.0230366247066105	-19.685945898669026	-0.24607667838975636
-0.6914624377701036	-19.496729027860717	0.678182773473698
-1.1266376545785355	-18.654146072323183	0.36088717988101865
-1.695851574480916	-18.575918340034868	1.1793466689764973
-1.0495060958295306	-19.2562366512211	0.8337970810853688
-0.3509828569521028	-19.17959494863294	1.545268327287585
0.6158364028195159	-18.954621363523106	1.6662947910776809
0.33488761793730304	-18.50467702235067	0.8185814727204976
1.2307185072114961	-18.949040155303273	0.8239128791829923
1.429025744580716	-18.619390942643548	1.7469543929838853
1.9056934132769632	-19.386292092362066	2.1766642487937187
1.7541502460271774	-19.00253917438313	1.2657480252019955
2.538875465763811	-18.565596659746138	1.7053928459516492
1.7381807089065329	-19.159820698332936	1.7814566238414484
1.2711881020468794	-18.746882340366486	0.9995360283470253
2.2347815741881627	-19.004098100464756	0.9265451165581751
2.752386714355741	-19.67966104776576	1.45161618137327
3.4111592261919177	-19.09319554856415	0.9803657215377287
2.768067398869755	-19.823272845669155	1.211493482491168
2.952340323275396	-20.528898994084987	0.5272893988999603
3.191612513946414	-19.5695364797607	0.676863410282014
3.765472638016144	-20.38812099050849	0.6522878784139821
3.9763850224294397	-21.202039216419152	0.11094409888802084
3.07090130236623	-21.50014780579009	0.4129879725945677
3.9460411768390196	-21.47493175757167	-0.07022455934134299
3.0985892911425337	-21.3052645339905	-0.5732537182095492
2.6939787654806535	-21.133112782841287	0.3248855232780935
2.506572567953806	-20.57539055658604	-0.4837088345239939
2.511254097295616	-20.969848642082766	0.4351931744352255
2.4470579552761236	-21.910473123519623	0.10186984751159342
2.8716429533917327	-22.80704034524506	-0.024204718927070316
2.95561036902144	-23.099714684217897	0.9283136296726436
2.8437141575677063	-22.380838497655237	1.6143867061414277
2.543380243138295	-22.019676668939702	2.4972013374895567
2.336394807884692	-22.95477106728601	2.2095287879223706
2.019663580022983	-22.873387054431774	3.1545462331312235
2.763335691176161	-23.53245650685281	3.0423889864704328
1.9296837364887234	-23.13966801154556	2.6541344096782242
1.223961044227365	-22.61704662179534	2.1757806027497923
0.32062151281814816	-22.7164093506437	1.7585220029471562
0.6914832696938044	-22.16249790458328	1.0131069056957567
1.5721708062259774	-22.344693569118636	1.450364498907649
1.6323510421523753	-22.051352391633685	0.49625271677958394
0.7211911773953625	-22.331253526676072	0.1938571886082393
-0.15191539068601914	-21.892535387069337	-0.01877233604240174
0.5634969894903337	-22.087869186463315	-0.6896149652071758
0.6782575931369064	-21.55654344422365	0.1497436944158567
0.1577179701345266	-21.53110551416657	1.0032021952224173
-0.11933137163451414	-21.809575919312028	1.922820537625092
-0.07100193177317492	-21.764006641446862	2.920611951778138
-0.28932372038315973	-22.723901961687865	2.7447240022260218
-0.4358208008350351	-23.52410753768381	3.3262819456537582
-0.2636694195619864	-22.539119079376803	3.33899567554659
-1.1591656882691777	-22.14780985905077	3.1269496267286496
-0.5522874595774987	-22.05004579195921	3.9157087805428885
-0.593841144196227	-22.965140233846903	4.316801604862862
-0.671480025379595	-21.9846882444577	4.136008627589788
-0.4471842166061125	-22.13144903516626	5.099415426650894
0.5083753319923298	-21.838879354054747	5.063236278282604
0.8198540703255323	-21.24621224587989	4.320453204664189
0.3303443779991189	-22.039829659336203	4.6817725401243715
-0.07428463110311878	-21.17036649417543	4.965161265061652
0.2997302972528212	-22.08160561153774	5.137660842903399
0.19693502789525183	-23.03772650082386	4.863314387361214
0.09962463272182358	-23.121242583884634	5.855058180314556
0.5371561411278113	-23.553704925260963	5.066678511345847
0.43674395357864243	-23.855448668928226	6.01476506106026
0.4614480799448512	-24.83595616240206	5.819842611398683
1.450344837357013	-24.919205771107517	5.696746283954817
1.0624440928052725	-25.709807492729063	6.170541524691904
0.09687886866694463	-25.749862003901253	6.427600728125022
-0.3776033398391479	-26.16966599092297	7.201313366183781
0.09311107006225579	-27.043362404597197	7.078502450366604
-0.06426002777519903	-26.46819998147135	7.881261769583493
-0.8457357076406584	-25.87611243182443	7.684467218510486
-1.5922126921051294	-25.411734176973606	7.207890941208943
-2.238259464498138	-25.769711587772687	7.882039100917325
-2.9536942859516366	-25.9731974472779	8.550430095196143
-3.7934370709910374	-25.69187669602978	9.014855212832696
-2.910289582081941	-26.037427567366194	8.69760908101696
-3.1260213836124375	-26.527594282234812	9.542118631847163
-3.1404192012669725	-27.446616350098108	9.936061700864915
-2.8412482649970734	-27.694533159054583	9.014631287470559
-1.8529142025388743	-27.58145347075187	8.912607931918645
-2.510843821657108	-28.269880860177718	9.217888697403842
-2.0901514044324006	-27.56763948103075	8.643541297737611
-2.9149092431078203	-27.48992700828061	9.203662069645231
-3.9147550277800707	-27.47294859649728	9.208149876049685
-3.4011073169094344	-27.263211401930615	8.376178519371663
-3.040595109657528	-27.742012422376153	9.176666202751548
-3.111392758555641	-28.58849797989448	9.704349719476568
-3.9945529280678156	-28.119707860545336	9.720595918655324
-3.3141744701378726	-27.895191292203286	9.022973195025406
-2.762383801295422	-28.550135938788177	8.50666459768453
-2.6923204735702786	-28.391837300753497	7.52176223130277
-2.1311912704828435	-29.183422696811512	7.763684901158613
-2.0510437632220913	-30.136438769602268	8.055809432963965
-1.2979442938215608	-30.3102026132893	7.4212644654355335
-1.4973638871261505	-29.7039579902982	6.6513948122470214
-0.8029608572702858	-29.23191590427137	7.19451607048177
0.17849418649297466	-29.04302806722545	7.227186884486165
0.17065394796853117	-29.062039038234378	6.227398350024423
-0.645934843940188	-29.621519497642495	6.085397080770578
-1.1042983616437854	-29.917123270624213	6.923562514940534
-0.7737465560850166	-29.14105347097239	7.4606390177874164
0.21450376824997217	-29.0284804998286	7.5640248128447585
-0.6879753765389683	-28.813490017568284	7.1907816136321285
-0.6952941317586295	-29.42119755937541	6.396654432726716
-0.7128127732821078	-28.924598257100165	5.528851327074999
-0.42294698377393786	-27.97470245591825	5.6457948646039915
0.39434531330430367	-27.403059178408597	5.718301860228615
-0.29332879969144454	-26.721962508460916	5.969721112676906
-0.9306209209165165	-26.485871233096976	5.236154713554498
-0.49176228391064836	-25.615601776696234	5.459837904655836
-0.7001951221604173	-26.592139959894336	5.405718326910992
0.04362598251871909	-26.13502721460254	4.918093366182307
-0.3790303303644652	-25.738622820198785	5.733093487211392
0.617803900445832	-25.677084993735598	5.68274855500444
0.9997023393446227	-26.56613769448813	5.935214151969978
0.08264533744579063	-26.21844914237625	6.130455351511629
-0.1846061937386856	-27.126546477167654	5.8080645178572885
-0.503369475083426	-27.746268593410733	6.525235675326428
0.011838056399400557	-26.901605345024954	6.670511951193094
0.25772411334610396	-26.08662409009832	7.195245789550503
1.0925287234198782	-25.86997633927906	6.689118320364538
1.1367016192735895	-24.87246190049203	6.634221146637673
0.5580535366973046	-24.112905320513466	6.337168628819597
1.4263091469886708	-23.74171140989123	6.008007154897647
1.6626651484653492	-22.849245576410596	6.3922474138966
0.8894966156837233	-22.735325866413177	5.768362232480659
1.8501910259312728	-22.463200018553955	5.713464390573841
2.4682456450405335	-21.677070990683635	5.7103596623418404
2.6604316001915196	-22.650400390034488	5.585082214244199
3.3179263573623405	-23.119460380568203	4.995435396586914
3.9186540594545365	-23.851232574380738	4.673510429705351
3.3412418354782787	-23.768989920904037	3.8612104422918474
3.947009139689211	-24.504903624174954	4.163662082206533
3.648847119272165	-23.5912542097829	3.887357617599311
2.8072396043575125	-23.382196075352184	3.389370180742188
2.4519097062764623	-22.475898342773846	3.6182043640567327
1.6102807147325413	-21.94167838487734	3.53902307095187
2.1559658195670304	-21.26594190553517	4.034611586605708
2.017136355774898	-20.346039900310863	4.401363111166262
1.6545461877752572	-20.400044233022655	3.470980446818729
1.3755355683888328	-20.099411547740736	4.382996380237489
0.730541303840718	-19.789845331573645	5.081674529679696
1.0376703316418086	-20.544838407809845	5.661033844023874
1.7182709768994653	-20.932178965834638	6.282926160895494
1.2973952048995776	-21.679939085461786	6.79646134765367
0.38461314918072753	-21.47318007297424	7.148710733050847
1.2296496079569983	-21.247241885255825	7.633339785697775
1.6577625038198542	-21.401575805285237	6.742890242195001
1.8712162150508789	-21.405853374029896	5.765946428269501
1.1365539430188967	-20.743634697184376	5.6185090853411435
1.6738628795656267	-20.83216805421306	4.779783294989956
1.3363275346094	-20.67734377614275	5.708276339565544
1.936126386785143	-21.327879981922752	6.174156132965213
1.261476959747481	-20.644403950713084	5.895393392700807
1.8577150000903107	-20.270383545734017	5.185035077547513
0.8874737538866906	-20.297294140668242	5.425675356897229
1.6783990193864164	-20.39395756161828	6.0299049551828965
0.8322995578299809	-20.668775208234592	5.573187359438951
1.7478901113621448	-20.699090036122396	5.172219842683838
1.2094867104410254	-21.17285044186755	4.475317513928412
0.7862784405159351	-20.26865211049265	4.532938150907835
0.3766506418631661	-20.10456610091328	3.635563731821166
-0.3558409421177085	-20.240904329814548	2.968579499071079
-0.32816661959236526	-19.26419156413624	2.7558207031689146
-1.2390202823362002	-19.01826418490112	3.0872800961700126
-1.4429729089889656	-19.545604298317468	2.2624675533074594
-1.0129500773788906	-18.82271991773776	2.8033173814557393
-0.5416749732229954	-18.78754079663723	1.9220329746712372
-1.1141395224765054	-19.605598098484094	1.866656167766409
-1.464920034485434	-20.15096041676328	1.1053855363902112
-1.8668810971018468	-20.26115563785995	2.014387361134092
-2.7243849069466792	-19.75239249563411	2.0908548785124794
-2.241838960074436	-18.8771569161347	2.1242028849823593
-3.141324313521539	-18.896381748364497	1.687675102636392
-3.175166516953016	-19.76575826781294	1.1946850695743139
-2.984283763238428	-19.62634250254142	0.2230230816751604
-3.6192180838495083	-19.22311127443323	-0.43596324988913904
-4.026678221818491	-18.390221013617076	-0.8104896834074248
-4.6210639870714765	-17.979869416486967	-0.11888493443778818
-4.319022890230652	-18.8637604940043	0.23819732345869118
-4.453224835554439	-18.616425058218294	1.197788392652164
-4.772437845637937	-18.18919047549466	2.043704266435368
-4.029146306953966	-18.85644629822386	2.091530572531088
-3.1551961571196863	-18.942571620775634	1.6132068699823394
-2.9900285375306086	-18.002541611536067	1.911641518051751
-3.3727796000083687	-17.898793588209134	0.9936339081552642
-3.800352645879839	-18.204362238003586	0.142864203295641
-4.253416006309377	-17.80402891165393	-0.6536700516175501
-3.534298687400169	-18.255942356593764	-1.1815379516904736
-3.909074634870389	-17.390737964443662	-0.8484248342634363
-3.965840250046613	-17.476913305518007	-1.8430863221699518
-3.991937377839996	-16.64896271771674	-2.403279828094883
-4.4962271152361595	-16.600918350350693	-3.2654767890738112
-4.90224261706595	-17.41399236509706	-3.6826842420491306
-5.758360720346764	-17.92917025871931	-3.723347876390696
-6.636931558893047	-18.406757295963807	-3.7282369982052037
-5.758414383161658	-18.758675381688175	-4.051286890458926
-4.775523146521687	-18.792033500881562	-4.232427865448862
-4.31293821124962	-17.974917032024802	-3.8884280776838587
-3.5037105353837914	-17.942158648860627	-4.475009237409668
-3.90540564877056	-17.026589817732066	-4.455650741932312
-2.91674396949966	-17.072750043375155	-4.598539921052998
-2.399559187331658	-16.379380120636895	-5.100294892464028
-1.423960889147653	-16.164184015545086	-5.143867784653466
-2.3449340880329173	-15.852201948020483	-5.377267777108771
-1.4165929276191156	-15.48595569426937	-5.440878872797958
-1.4288741437394836	-14.490952097980374	-5.53995972413957
-2.4096366889648606	-14.378185302252616	-5.699297352038022
-2.7349064154896867	-14.716353852642014	-6.58238377846184
-2.664745720303253	-13.912762959085892	-7.17341605562156
-2.631154632469956	-13.477291150780989	-6.2738406318855136
-2.8893688849673307	-12.859090785256077	-7.016237902807277
-3.782690276044397	-13.109438665566039	-7.38947084758631
-3.861063806726883	-13.91449670755068	-6.801474981338765
-3.417380420108364	-14.407457022852846	-6.053053188513395
-3.664098195648037	-15.309088116463327	-6.408287914106863
-4.101370025621187	-16.198511547480006	-6.541401801701
-3.3622063827367823	-16.865552649537836	-6.63463954729445
-2.924406460202093	-16.739250340116058	-7.524796249489769
-2.1054991443120787	-17.21041346162727	-7.1970827756904345
-2.2151565133542355	-16.37139622403205	-6.664142500957116
-2.8003935694912543	-16.80450749875274	-5.978641070007599
-2.8473785502953834	-16.622967033816423	-4.9963806813277305
-2.579187763198055	-15.65960307559259	-4.994487083837769
-2.0963769363482405	-15.672165331738796	-5.8701216509929655
-1.9039251362018668	-14.914796014027987	-6.4941040395350145
-1.0995559837056668	-14.426343276135663	-6.832340923032398
-0.5360128815712023	-13.712588511889292	-7.248241522397466
-0.7378681257265675	-14.019904882227575	-8.17819373027114
-1.51886867509307	-13.584890889130175	-7.730085520461592
-2.115150078061343	-13.785320941236069	-8.50743761744661
-1.944051409531971	-12.915335711687774	-8.044997409424768
-2.5526201504871455	-12.986090016058458	-7.254657029622937
-2.1156955692600254	-12.353453122276855	-6.615229574045755
-2.684092965773653	-11.693933511670966	-6.123337021893566
-2.3898465806287543	-10.805915028736766	-5.770006809774076
-3.0524196393618857	-10.673722600099502	-5.0327672939774795
-3.6112644504902307	-11.363771726484176	-4.572849170556945
-2.6620804872226516	-11.623933504973339	-4.749952679525597
-2.147984336774742	-10.782275230250162	-4.584675649407648
-1.5761989773441858	-10.032352972535362	-4.9173588472472805
-2.4138065094195147	-10.141334895851129	-5.452649948052319
-2.0288484390250643	-9.301398985088627	-5.835161320235837
-1.3623650913790528	-9.447037798398252	-6.56631744813764
-1.4496720026924286	-8.94873346986421	-5.703722352277966
-0.601982803334438	-9.108575083907473	-5.197882773249364
0.35017997896181735	-8.847927014552308	-5.357409009183383
0.7459552209845761	-9.614806585981638	-5.862639333615884
0.08582286442751973	-8.88246311053937	-6.029667192979361
0.29714592848005617	-9.168287578445296	-5.094976369152714
0.9163772779424626	-8.873137559019437	-5.822601960975786
1.229242094675328	-9.113148661553687	-6.741574363777411
1.0873123077566398	-9.097934046401837	-7.731334158409934
1.6713533200819817	-9.055504411573482	-6.920719686536723
2.2911711716699745	-9.15159998298891	-7.699559510895498
3.13179424199989	-9.332750304364883	-8.20998816868669
3.528745059142084	-8.684244737986644	-7.560472519031802
3.458792169436655	-8.309438845725897	-8.484932975919198
3.076063665112371	-8.513308856561338	-7.583847014060023
3.569495900149278	-8.293460582757428	-8.425388080159538
2.683424718604269	-8.29363631037711	-8.88893724729849
2.8171168946588576	-9.09343937399841	-8.303752266729292
2.441425897196052	-9.088578306557666	-9.230484506617772
2.8208888551238127	-9.730630772481566	-9.896650022508346
3.1668877446101775	-10.588504564863864	-9.51673249880376
3.1448346895906147	-10.738566032342753	-10.505163183648381
3.5631081720535187	-10.643055468635024	-11.40844886718855
3.776024300872659	-10.3854950663166	-12.350961127716895
3.902293676883946	-11.315424965682206	-12.005582455897683
4.541483638338561	-11.102142593116751	-12.744464599902042
5.227194347620047	-10.685563049773627	-12.147587470800303
5.3787390386658105	-9.749280382476003	-11.830713720650655
4.79278485555876	-9.179264501874485	-12.406682114888909
4.138341390743221	-9.935296744526351	-12.395773428856032
4.610062244484059	-9.436307185503887	-13.122745819069383
4.385139595102669	-10.408156480733185	-13.052612024379556
4.996520679284906	-9.707604198977121	-12.684590733649578
4.352092906477478	-9.415065780961704	-11.978096487657817
3.751113918135026	-9.805564315561929	-12.675473824575226
3.0373804956630965	-9.738002182740818	-13.372625142335734
3.574873841462391	-8.98250780577021	-13.74723046742774
2.5755007507663708	-8.97984062333651	-13.711927326907903
1.9838805141135694	-8.304992746937634	-14.153023506105704
1.0425935124051606	-8.374154955308228	-13.822576279837886
1.1241665044109799	-7.463845516604565	-14.228387286073952
2.041296883137815	-7.5888177887821175	-14.606876122901545
2.920567603014118	-8.064940795244821	-14.593096286718703
3.0741902016400444	-8.89485769039624	-15.129415263013307
3.303606916339983	-9.481892351938384	-14.353040175079368
3.3098377648641932	-10.321236022612167	-14.896605607227634
3.0453267367899315	-9.461593239141076	-14.459514997796143
2.766236782838368	-10.184231855210726	-13.827136765906216
3.456963090253834	-9.59146123332234	-13.412986843691735
4.429702246646661	-9.535050594674338	-13.188050467203707
4.060392976975394	-8.88490265753167	-13.852067276602385
4.248191949579057	-8.623663779002683	-14.798896614040755
3.2696373546718394	-8.623191696850153	-14.59290952239559
3.535612474403719	-8.249237362177425	-15.48140003515478
4.122753406568998	-7.451777834118363	-15.620410203430074
4.0087351949928065	-7.2935851070201405	-16.601213399041786
3.9287256211619836	-6.438913985971947	-17.114180983730783
2.991255592817847	-6.449493574876371	-16.7662757980049
2.340546133865895	-7.1079210738619665	-17.14449587760142
1.951909513986582	-7.803114271180155	-16.539790994132414
2.909906073420303	-7.609418676820757	-16.751272929150243
2.2476310679221596	-7.823981599682532	-16.03339092685074
3.0194891638377093	-8.05884753551674	-16.624214988610554
3.8085198424037956	-7.557359597530493	-16.269334112349522
3.8493625733267183	-6.804057420030997	-16.925739246931325
3.446577042430384	-6.919067928222812	-16.01769938045741
3.867990253409027	-6.025861449465971	-15.860877532746736
4.313451890110628	-6.6751923699767275	-16.477264818384413
3.753230893334366	-7.173179766631125	-15.815327519583048
3.5519312868886366	-8.141235000953412	-15.96481842815624
3.762633135162153	-7.439644263067213	-15.284101770767531
3.9091556095534314	-7.109380386540096	-16.216548517965197
3.5584981921762093	-7.3808490071558595	-15.32025383223997
2.9753689036783637	-6.758840580652566	-14.797696897298957
2.406651383942101	-7.581050324077709	-14.820751627005182
3.3588235119894283	-7.672792909763646	-15.11221609575129
2.682349307864946	-7.932009615181027	-14.422876302335363
3.049123693123347	-7.0123893185033594	-14.282252476982721
3.7117029216651476	-7.484875328416258	-14.86341143659836
3.403770387166896	-7.864518449693689	-15.735792462678209
3.1791797048757022	-8.829353751574592	-15.599220629299845
4.059579321763077	-8.67126117908441	-16.046326045402083
3.2811147847922855	-8.919383613340502	-16.622891932615044
2.6073724770016855	-8.355721542817074	-16.14502545236522
3.398994238479663	-8.36595775359772	-16.75595114894652
3.5336635755886654	-9.34795929454856	-16.62352326965844
4.269958855920696	-9.535248580884438	-17.27374783347055
4.367004794732279	-10.517708154591887	-17.11451444566903
3.6868375612836153	-9.89385097170028	-16.729579711074475
4.283255359080595	-10.696486630331059	-16.72171777967283
4.234083075445731	-9.79893895722571	-16.28355084684322
4.068084221366145	-10.599779221667001	-15.708138602192635
4.787107751338548	-10.056074169689383	-16.141024245059327
5.737761273340143	-9.99471617043562	-15.836897500044138
6.536750744317331	-10.407500876636279	-16.27418986402325
7.038931736071118	-9.623721469530839	-16.639571982521986
6.566749154661956	-10.49764671596191	-16.754890122743582
6.128289593996054	-9.779069427788018	-16.215075437336296
6.660025579209445	-10.511790008817007	-16.639784034100845
6.8179669537193055	-9.543275936889156	-16.83222886956192
6.645384118708965	-10.5056616745362	-16.622398325947987
6.762453153816063	-9.656864835833291	-17.137993872502623
6.679783158465415	-10.20898545406807	-17.967649520822363
6.157336965987957	-10.319697885877938	-17.122195362746012
5.782317177064269	-10.386631269586546	-16.197598109850997
5.722247092848621	-9.654037257836416	-16.875608138486395
5.2659241235556244	-9.602319237818433	-15.987298173383564
4.4510544551026445	-9.905458461289577	-16.481356909394446
4.771299891159149	-9.22089590342475	-17.136198084836565
4.2356119207859315	-10.061568983193611	-17.0567803830986
4.938688316202316	-9.636207161854108	-16.486911184812627
5.2650684122120675	-8.992437171729577	-15.794786750376353
4.988452078021984	-8.783324634852294	-16.732739494697707
4.667156740887467	-7.863295792409658	-16.508426687641855
4.511172672968043	-8.190181884049883	-17.44052885674534
4.045741076274021	-7.458041161452047	-16.943192560952784
3.3676387111889854	-7.59892219697637	-16.221853724970877
2.6569859728378056	-7.093410140526582	-15.732537624420464
2.1470910595647803	-7.943693973108635	-15.602059344741757
2.7369887158208095	-7.765361428654356	-16.389598714381165
3.4443460211110732	-7.249303787408243	-15.906556114226705
3.453066349201674	-8.188978067113489	-15.564596754158197
3.8438469675495965	-9.069553371884567	-15.296496696435531
2.9781749536366875	-8.57210014645767	-15.352641623546763
3.651853538139819	-9.212305019532792	-15.721822995331458
3.6560336084955956	-8.878944686239521	-16.66461322396046
3.8629477482795544	-7.922333283264011	-16.869750159822264
3.3563071507385853	-7.957664248323079	-17.731183284232557
3.354739199835753	-8.957635503155469	-17.73860157507234
2.8363393510032693	-8.503972864466247	-18.463482121775026
2.3216833505020626	-9.32573210471038	-18.218858017849268
2.6001869154732553	-10.247952286155526	-18.487084976288685
1.7829024736523134	-10.16901683581558	-19.057887337738816
1.6665137393309262	-10.174081114652195	-20.051078163110706
0.7984174168758895	-10.60011433106861	-19.796314599291424
-0.09499337935298308	-10.414663362424001	-19.38713849122739
-0.025670501797830647	-11.26865682631444	-19.902783235484392
-0.11861649723259349	-12.064579476486166	-19.304562392587737
-0.7256099394697562	-12.011868005037384	-18.51160560823011
-0.06740662363637952	-12.229379314768902	-19.232339418429667
-0.6745535210800633	-12.227426054583193	-20.026926625537342
-0.314559268730061	-12.205937208159355	-20.95963363620812
-1.0785786875472707	-12.810101283722018	-21.186040565142886
-1.564663181332966	-11.944146726990146	-21.06837761185539
-1.0674284753346204	-12.167134720020046	-21.906848841007218
-0.13419784086521253	-12.148151477980841	-22.265624842726705
0.7406514219674489	-11.970235992239441	-22.7161632398192
1.6190100547879345	-12.404672701121019	-22.516787067406757
1.8061300924609445	-11.430823206334754	-22.3879334566468
2.769064773475407	-11.5485470530593	-22.14524456936125
2.686942445469536	-12.539425642291453	-22.252088121549153
3.536625616449424	-12.021638230208692	-22.152415132016895
3.232212674801868	-12.394864760095015	-23.028791032157038
4.001384956176095	-13.02718209535033	-22.936331370136436
3.381370158309374	-13.672968793927817	-22.49075175843195
4.015979950058011	-14.412472457405608	-22.715261766939108
4.035871720445643	-14.873643534367952	-23.602350012405193
3.797705600872355	-15.729940657658817	-23.14405738085729
3.117412647740247	-16.32896699811596	-22.721719907552732
3.5955364044699314	-16.195953304079815	-21.85355803874629
4.456411699729735	-16.630694874955974	-22.1179318130953
3.46972502676595	-16.634013873360423	-22.280530686539425
3.5345671919177204	-17.628821993500118	-22.358967270622735
2.559317458276329	-17.71098916269866	-22.564239074186812
2.9325581269649392	-16.79140755748245	-22.686962643987986
3.793352232570906	-16.34990919524934	-22.94016750946167
4.45011366675577	-16.797935044946612	-22.333589190882364
3.477691401586401	-16.99506681355957	-22.458224675422496
2.904798637047536	-17.31513924387852	-23.21277587957546
3.170756808951235	-17.040329449894237	-22.28879220659852
2.5897385634478804	-17.847658740668273	-22.391929079978375
3.426938003148223	-17.4808271893158	-22.797554166848045
3.812868847678106	-18.386754521409454	-22.623332893158498
4.422491881294756	-18.53155521148318	-23.40268680316229
4.679014181717191	-18.253000390886882	-22.47715802386447
5.627499621665474	-17.939423484286294	-22.522378526438914
6.221904817008568	-18.735478077611024	-22.6363063465526
6.824872007060431	-18.69775758394635	-21.839432622504194
6.619679798810721	-19.065380212588394	-22.746488166880564
7.017938669533668	-19.890779378749873	-23.14662075539376
7.018084387975112	-19.070709194917544	-22.574357815517892
7.071197693435983	-20.035175535891806	-22.315545810559115
7.646446747812351	-20.362508074650957	-23.06517367457476
7.52845225862884	-19.679234741869877	-23.78573932268222
7.5552269656009585	-18.718008773856905	-24.06019834236301
8.162435067065399	-18.041873857660253	-24.47749906919628
7.261274329496123	-18.038063290721542	-24.91096741249641
7.57892923388583	-17.99097358322433	-23.96393102398496
7.130474565979537	-17.707285443666894	-24.811521402828152
7.613499932982308	-17.126964524079227	-25.467199773007316
8.245678755523482	-17.87214316252268	-25.679470197555816
7.996716288115169	-16.94197670084544	-25.94929985380705
7.013739270702667	-16.945131912057576	-25.76559838979193
6.870893427864806	-15.982253892391252	-25.536554759827002
6.944208991635673	-15.05455946411959	-25.17048389802195
6.095787932934696	-14.590960542725488	-24.915027938540007
6.881989459841781	-14.845739076343591	-24.352022558550967
7.235080839913399	-14.618655310855063	-23.444410614617514
8.198534940657801	-14.776731943682007	-23.660669658157282
8.5033827800116	-15.138240793214392	-24.541793455674405
9.414019816418337	-14.732411466411314	-24.464058357868357
9.221437042286066	-14.13731032769004	-23.68382345106122
10.204410181815657	-14.248284848781388	-23.830276387637607
9.578638034577855	-13.78377552627899	-24.456886560751432
9.148244842097691	-14.551518084007807	-24.93157916119792
9.694289779793502	-15.056693725392702	-24.263273469640396
9.369672613994004	-15.987983634124083	-24.097977366953458
10.024179538473954	-15.819338629363799	-23.360970210829826
10.661419044616398	-15.961827618652302	-22.603591375805372
9.870283679698371	-15.876037073395873	-21.99799677814066
10.237029954235348	-16.78048276922753	-22.21588471586308
9.705322131538756	-17.24690782943665	-21.508965728643048
8.705902693584681	-17.251677847966718	-21.542700487616564
7.718046316757945	-17.148864826244402	-21.426213315245423
8.264251793526286	-17.8013986542377	-20.900990333577052
7.869263469326957	-16.93125727588193	-20.606307104635963
7.9922297639764475	-16.74154334751444	-19.63219832438418
7.470288768914838	-16.07005103926082	-19.106198630819236
7.465667890173919	-16.645465376650566	-18.288349630204827
8.082443071270216	-17.280434914237855	-18.753539980835466
8.008311665935137	-17.4014481091574	-17.763661027933516
8.329810140048618	-16.80689098712462	-18.500641733096746
8.366006009249675	-17.197226312476904	-17.580680759557648
9.06882392559692	-17.18061093582362	-18.291856480262407
9.03890934346092	-16.469155785325835	-18.993950980031435
8.961570327484829	-15.52321386027203	-18.67897074091566
9.206399116214111	-16.36188798778507	-18.192468354436745
8.828208788021884	-15.613530522296182	-17.647552599930854
9.041729177439299	-16.255130640314796	-18.38427393928622
8.338419586154854	-15.788676121521641	-18.92072132785728
7.553558661314261	-16.238659045366624	-18.494682952935154
6.601133011628297	-16.04521353685591	-18.259174530458726
6.705710945576074	-15.490193968192738	-19.084411910932968
6.923281930064745	-14.654608688892678	-19.588852301589505
6.091810085697276	-14.36908134014055	-19.112272082592998
6.67887250373521	-14.082531737620833	-18.355141286347465
7.050532341462236	-13.64856529129225	-19.175837386302582
7.87030988227463	-13.341882152493117	-18.692194712465835
7.640891447254793	-12.659676695338035	-19.386430188295826
7.784249236248338	-12.808586968200233	-20.364834130934508
7.260906885754313	-13.377102108784246	-20.999580788354773
7.4559229024955345	-14.043457602310013	-20.27990092239881
7.799587883047525	-14.18380979474536	-19.351356015988415
7.366544564974856	-13.731064063141268	-20.130775535366023
6.574945065590632	-13.157072450715612	-19.921243052348608
5.614007230417455	-13.2607056513833	-19.664613676298217
4.9000527069650035	-13.956667680934613	-19.58776452624103
4.254700140182688	-14.683064772391834	-19.35140181752852
4.405272013009072	-14.587788925350736	-18.367404549196944
4.39945094506561	-13.694572211237475	-17.917815829591397
4.636774920923984	-13.241475330027429	-17.05852510654098
4.558432651683866	-12.492157757226911	-17.716085494598754
4.606543424096864	-12.228047150779524	-16.75279377287586
5.509640255711607	-12.535328276748066	-16.452803069101826
5.489930791864795	-13.510610100434063	-16.67288691999207
6.473060873775685	-13.40410497495418	-16.82158762707954
5.60116565173574	-13.263450610619637	-17.290645269142434
5.525037731634258	-14.128923824603154	-17.785782276099216
6.39932868158026	-13.90649847336692	-18.217224390374103
6.473108045150809	-13.137372360599906	-17.58240029806906
5.903292880486677	-12.995817395060488	-18.391889562883538
5.724091809947399	-13.481248440063007	-19.247601942638134
4.831909223348335	-13.753509476476651	-19.607996393511737
4.425832842787375	-12.95600976049227	-19.16179444802599
5.3377275876979775	-12.551325128302267	-19.093396182889542
5.781962225418892	-13.076231949501778	-19.819432280963976
6.779375009898079	-13.044465472356238	-19.883919708321404
7.592236244714229	-12.89584179760867	-19.320743344969916
8.302801518320225	-12.475583439123296	-19.88508358283055
7.910549300014871	-12.516267964560537	-20.804041126259285
8.269520052961644	-12.902739705894167	-19.954465001548098
7.678682285456725	-12.10371383813762	-20.06612696976264
7.144443597322474	-12.173474185720016	-20.908577275718923
6.689193902375235	-13.056507144834836	-20.794557503892136
6.209075940500036	-13.405368844834083	-19.989708290089705
5.342674811791237	-13.44254101640075	-19.491745124952814
5.34542199011084	-12.891739411546874	-20.326376807254395
5.382442216713607	-12.760200256015175	-19.335757327643645
4.855815117034797	-12.002453218099742	-18.950421987434122
5.058000943332444	-12.594937416920299	-18.170624984495436
4.771322562558089	-12.241856765471432	-17.280035539482185
4.687444308569165	-12.918191303449554	-18.01183881307805
4.761120606531764	-11.9505219198138	-18.253060219865418
3.990383801359157	-11.375466179456382	-18.527424344040405
4.5833932011756815	-11.126665791448461	-19.29321688687191
5.250813470045077	-11.810182280347682	-19.588776346380776
5.808032441931592	-10.982530166579771	-19.52170179125551
4.963073644455694	-10.649796207092804	-19.94042931933572
5.3851000295423574	-11.554046897830057	-19.87543379186052
4.953613269068693	-12.361903470788405	-20.276914716767426
5.560816055740756	-13.109735411047698	-20.008489373355708
4.968194707344454	-12.77933214903549	-20.743086965154557
4.013853094240367	-13.049812743435444	-20.616310257707525
4.5145562011423035	-13.324656488660521	-21.437137471224013
3.7089285032586887	-12.929728058941608	-21.878720473390562
4.043683846382077	-12.527434431256584	-21.02660622202856
3.8676849013948083	-11.738468162757407	-21.61529680164909
3.5380827489450386	-12.67575960063126	-21.501951393322173
4.176059926193121	-12.414454427966565	-22.226316444970333
4.103357980508383	-13.334893090654983	-21.842249920365614
4.95078676371727	-13.006829482274005	-22.259669045760074
5.145839673616963	-12.944839923228795	-21.280837264038055
4.970466487549499	-12.126977310777106	-21.828874664917166
5.527495440948329	-12.489993137929643	-22.57582731021152
5.821378890761632	-12.32505965425467	-21.634323479157928
6.080673111607083	-11.700968773428723	-22.371396799463398
6.253301586030557	-12.55346240917756	-21.877986208954887
6.417623605600677	-11.78118896237106	-21.264315289616114
6.989563632981791	-10.979072270792095	-21.092578810760497
7.3176080696356065	-10.187509484960247	-21.608151505602496
7.178289512184357	-10.4608341563878	-20.656372138554232
6.436554793956722	-10.575971847421068	-19.995635489139946
6.506885975758953	-9.580173159587577	-20.054274197987656
7.2735505530067766	-9.035201133647046	-19.71481740112612
8.018500011884388	-9.68655067794526	-19.570615893295642
8.221232891785279	-10.508513831928552	-19.038379148133384
7.774254516412884	-11.360619184733997	-19.31064152098298
6.8482183078662695	-10.985970648080384	-19.264865823894727
6.573791082929571	-11.536079729733137	-18.476151872898082
6.7940209681334025	-10.602594994792828	-18.19312352220422
6.82048777867799	-11.60199200007866	-18.170648341108407
7.470456470437968	-10.842223550933147	-18.15354268663615
6.799538581553375	-10.29616903188597	-18.655233476468712
7.585036407256462	-9.680710960751785	-18.590391140825982
6.966762535865313	-10.465286185117543	-18.637072371169985
7.074797902837068	-11.058719545080352	-19.434672024358488
6.849021678257658	-10.131183894277735	-19.732502031081733
6.222240461804274	-10.230392191996588	-18.95964821543167
5.754355324625463	-9.619385828741198	-19.598204965038693
5.660909389858863	-9.05514670983759	-20.418511050579067
5.1930374074693955	-9.92210974656562	-20.246840141446505
4.670378390493189	-10.46786076875334	-20.901808364915798
4.702778437575703	-9.84414576902623	-21.682788413357773
3.852039041616751	-9.468635088597884	-21.31504637191059
3.5353641950944446	-8.793552732930674	-21.981365255514362
4.451020378634155	-8.874800439841739	-21.587699707533233
4.538834487604948	-8.348896185941177	-20.741701245362666
3.647085865874586	-7.983024371547374	-20.475389001794703
4.253460521030438	-7.252278132864914	-20.7889487444851
4.382223595713707	-7.410759290017345	-19.810018821852335
4.739067871324252	-6.526288925499101	-19.509395573827625
5.415683262824161	-6.707993764004159	-20.222960541892437
5.348863430898729	-5.8745249491802385	-20.771472022882115
5.570179064260623	-5.746153089043814	-19.80475590325099
4.5887630832988044	-5.554834149432067	-19.789932419901067
4.355963212276849	-4.600161186253173	-19.975414908097033
4.530229789717195	-5.297138512108751	-20.671010887980817
3.922225520283582	-5.210691137130746	-21.460224204967957
4.892727637009894	-5.4432159276734335	-21.523925564551085
4.068035481003587	-5.100337585558175	-21.074128621108965
4.097819488238742	-5.81248690079256	-21.7755245618758
3.148647834497674	-6.126112036536168	-21.802216245302603
3.910643798008205	-5.954105816856289	-21.177895805155757
4.823457921826627	-5.969635668742208	-21.585975698139837
5.479099986337994	-6.3728082671050545	-20.94755159210016
4.489855983316931	-6.265791562340559	-20.847833352102377
5.2140987300185015	-6.018486646490236	-21.491504636568667
5.423360332820242	-5.113981425977798	-21.863095658605676
6.401576975936555	-5.051127777776906	-21.665253251528984
6.271252639442889	-5.4462443064328605	-20.755913658142507
7.176492019617604	-5.393156005351109	-20.334341248147453
8.064145126293816	-5.0544960814791295	-20.022281288891115
7.52799463446527	-4.373373660131271	-20.52089426229762
7.035333662654658	-4.744643973758837	-19.733846918694038
7.886945380397236	-5.261734911034802	-19.81972150626558
7.660178544721463	-5.254939367551349	-20.79364687446707
7.909259168601962	-4.958355655437055	-21.715599663125865
6.935693964890703	-4.7630672936690965	-21.8340616818519
6.444234119676279	-4.0229688702026865	-21.375017518263963
6.87188656882545	-3.932466661480566	-22.274418837449705
7.545325364858381	-4.25045065921295	-21.60706108842464
8.438780955084836	-4.670453630900956	-21.447892586307184
9.25553840380403	-4.281635187129467	-21.874187657525294
8.708988556603437	-4.964847965779332	-21.389931977523073
9.291230963419235	-4.5891362076951605	-20.66893651668965
8.796272758642651	-4.932733861911473	-21.46703239284824
7.853310418278133	-4.61742935016177	-21.360237779105503
8.342495213927222	-5.446226718593911	-21.088588818522464
8.83495327356291	-5.114270756439335	-21.893132352888315
8.494365186274287	-5.382710661436015	-22.794209359698765
7.774406023832022	-5.866333390328644	-23.291972215397962
7.23397506006595	-6.039981763840495	-24.115246541354875
8.032224916107754	-6.64021385345663	-24.16543225569873
7.228841656244996	-6.0737789753822575	-23.981783496723633
8.188824026201546	-6.126509222506187	-23.70673191899522
8.067445577918523	-5.163866496286948	-23.464685944127673
7.239802227027889	-5.269155859333236	-24.015975916606592
7.819813398872201	-6.074358539266405	-23.892543000558458
7.186610732545668	-6.687286953363405	-23.419919320925928
6.469697838429658	-6.283952360040185	-22.85127434549847
7.067199851703805	-6.84064383593265	-23.428410330169335
7.234327799194643	-5.8821152556593335	-23.197561440272192
6.979439990812715	-5.499299398658117	-22.309595098135997
6.5961622168773015	-4.831205365307846	-22.94736348133544
7.515739340195312	-4.8820369557697045	-22.557755904816233
7.2115050133231735	-3.930567301159437	-22.604091320091072
7.662514620575872	-3.271588327525165	-22.002146931900704
7.062772307208328	-2.86763821407553	-22.692895412464164
7.757162467986896	-3.2807841147736805	-23.28207515528479
6.8204106626498024	-2.9837842648522312	-23.46724303679851
7.52549870423114	-3.1823177919846866	-24.14800385545905
7.794896373685203	-4.137628356483095	-24.02632139554702
6.925708032422559	-3.927373402298698	-24.47387528241881
6.367211652981997	-4.754937271561865	-24.41713167976644
6.7440781201583535	-3.955642378614197	-24.885212164326465
6.037448500231793	-4.643718470848201	-24.72020952332192
5.829619314951184	-4.040323970481852	-25.490093999508627
5.666484495871156	-3.451968203800099	-26.282069076525648
4.707873622484042	-3.3590134781899628	-26.551187289232917
5.135894369277251	-3.1201208543851497	-25.679563199039183
5.338446199624553	-4.098834077983551	-25.646499896471628
6.270309694308849	-3.931529915236262	-25.32456862367862
6.738892646136481	-4.776405131541309	-25.582669158606453
5.797917080045974	-4.814439675857366	-25.246338432297474
5.388204110718859	-4.670661929077002	-26.14715097788944
5.845703814442342	-3.969426211320649	-26.693925601693103
6.586913508700613	-4.589334826588107	-26.95145520747627
6.2992556417916035	-3.637720120609981	-27.059540372839024
7.002470813476771	-3.4598593646921834	-26.371169852104586
7.601987306207921	-3.95149659603555	-25.739606072506348
7.353907408196956	-2.9831826755288313	-25.71089169360387
7.770512636111504	-3.579512642029879	-25.024720683485413
7.438201141609277	-3.4113864526818416	-25.95278461182067
7.296577540509017	-4.362432287693824	-26.227474573991874
7.204304121038308	-3.7494350276225514	-27.012152836214174
6.546923941303798	-3.8384439793013	-26.2638689958078
5.84679051550617	-3.8032767720199807	-26.977014460361012
6.708567606361134	-3.7399027758579715	-26.473701454083475
6.675176435849109	-4.641123440916383	-26.041629304317418
6.88110281604857	-3.6672944642640766	-26.137813763406726
7.133424065624299	-3.442122550050369	-25.196733747647283
6.543959480275946	-3.18816669709476	-24.42989743697237
7.103027510121278	-3.946964503843581	-24.76406629620075
6.722166878131338	-3.23737986641021	-25.356885679587204
7.617484232201975	-3.4907400702373175	-24.990531421229594
8.361146221949772	-3.0741946159843474	-25.513462324452423
8.575525060230447	-2.4035828735072466	-26.223618366846864
7.71400307838356	-2.100031504123688	-26.6306029377337
7.800390901876104	-1.1717970296678024	-26.99242873060065
8.329152445922933	-2.020153619373587	-27.018930169049316
8.500390182179567	-1.1967404058027635	-26.477941890619388
8.293082140916766	-0.28628326409657506	-26.120043624146895
7.791871291853845	-1.1472630551230463	-26.206654733283234
8.118889987817425	-1.222403804653769	-27.148680550472122
7.85744923409797	-0.2572114646157341	-27.155924791391737
7.155921002203648	0.041523160405582016	-27.80293001831695
7.162169080432987	-0.4869850189086387	-28.65183523441378
7.651511234473724	-0.6427742408110396	-29.50989931979308
7.9122345056515035	0.3154687490521202	-29.39245253080125
6.962786291968895	0.2399982346143075	-29.087735791869253
7.0377013574990235	1.2345998959647748	-29.1595359882167
6.948161468001304	0.6033475786605831	-29.92992752509058
7.545430654074197	0.3877869486542768	-30.70245787022874
7.131486668657968	-0.4122200520213804	-31.13678398711291
8.066702181546272	-0.622464984988695	-31.421685746698174
7.174009399716989	-0.7845000837553643	-31.842214252316467
6.294631108201733	-0.9916299936910759	-31.413505702341393
6.903663371880408	-1.6518767323081236	-30.974012874249834
6.312322586985535	-0.8583855534868758	-30.830180244944923
5.573531026674646	-1.5039568508224979	-30.63672552034564
4.808241622564085	-1.4603515519335666	-29.994517839089117
4.2708172605650825	-1.1021835458477733	-29.2310450271656
3.312875378452267	-1.0628085961115215	-28.946796959753627
3.7631899691280988	-1.0514461163420104	-29.839594620748517
3.0583593935553295	-0.7505965376712385	-29.197174671843474
3.6436636627616803	0.052741516066576025	-29.3070240408249
3.8424235952456374	0.9570491826037689	-28.92923821064972
4.576570904118309	0.30181828102335806	-28.75119272632301
4.466851440974143	0.4622849265279872	-29.73211682893634
4.740826926060553	0.3820836313673385	-30.690503591066502
5.553898804168867	0.8356822342509034	-30.3255893155283
4.86953603666063	1.5491577611990486	-30.175255437461484
4.619065871313148	0.6132916916021021	-29.927426068644856
5.428019633952752	0.8645045083787107	-29.39593201355248
5.6964581068888345	1.7173662146228705	-29.84377986301693
5.304905745888395	2.422846580365876	-30.434528711637057
4.703356154742621	3.0399879605691047	-30.941751154193646
4.43269817667352	2.077437724191523	-30.957285031910388
4.177925701396954	3.0261768440770376	-31.144327990185452
4.779687027008537	3.707317021832768	-30.72727719562302
4.432826750694929	2.8586381161825054	-30.327987746952335
4.62552640980275	2.1874840699616174	-29.61215320767582
4.280350439295782	1.7280358089529788	-30.43054238455969
4.251507891737466	0.7696908545244942	-30.714695610429242
4.416224712489188	1.015963303067295	-31.66979678310688
3.504725719414339	1.4267752516531975	-31.689874843834318
3.1382845712353156	2.100627485659591	-32.331469771842244
2.9335554842624534	1.6315637830178809	-31.472362535339542
1.9516600048118673	1.8178767786428442	-31.438175767493718
1.429195292104682	2.0896601630574554	-32.24636164706104
1.4900181687888605	1.6203310691956356	-33.12728773892532
2.442639615241644	1.31943762684718	-33.08284096053223
2.8331767704410185	2.237399009159225	-33.15232211619769
2.6663309088948814	1.5431492812860448	-33.852450514302625
2.5030722051745626	2.474266702166757	-33.52631105917291
3.201537837723906	2.594278463734363	-32.82080206756978
2.945994768918073	3.520619250280018	-32.544052203672656
3.262757876662035	2.6803963245343443	-32.103953841231345
2.5693776205076664	2.1788035160827297	-32.62128204932078
2.6824941269096363	2.3025768853023285	-33.607124231950316
1.7952299596905998	2.0915245467236128	-33.196978882166334
1.3369804449868907	1.4471899769921568	-33.80922094583298
0.9311261089328796	1.3352621351228526	-32.90216283516967
0.9658536752476367	0.4756264721405583	-33.41188876453436
0.6094108552006912	-0.31043629894589864	-33.91691731417214
-0.006121180829622615	-0.708207550642758	-34.59728364486736
-0.3987623143074247	-1.0560043750561934	-33.74589048702
-0.7115549359490674	-0.6861438628094357	-32.871039655548095
-0.3251806407659768	-1.3341546706365632	-32.21468845614261
-1.0799742882928465	-0.7895333357546445	-31.84907369817375
-1.953018746698439	-0.6780823691215475	-31.374340030014626
-1.2494301426895809	-1.2417626157486066	-31.807038141717666
-0.5300564421759929	-1.4871591062647345	-32.456870459667435
-1.5122960967239973	-1.6733244023720113	-32.48027438153144
-1.41138088682002	-1.4118733884807184	-31.52034756778714
-2.2625855233677807	-1.1668986719448915	-31.984500619029557
-3.003054807589721	-1.2242710189365116	-32.654137575092044
-3.033173691551939	-1.812937196618666	-33.461952519297775
-2.6707973141913346	-1.1463283751328275	-34.113347975413696
-3.631039451223166	-1.4002726288034775	-33.99738524736526
-2.6969237260938006	-1.4414669989907096	-33.64279980500921
-1.9976368683214292	-1.6233339013305508	-34.33411906582903
-2.374330968350116	-1.51698842899012	-33.41390594077811
-1.5951871308844503	-1.095514070331117	-32.94990783137241
-1.4922926288820695	-1.5428280493111448	-32.06146935535581
-1.192529870138415	-1.1696375073950678	-32.939462013579615
-0.3670383966390893	-0.6756850285635101	-33.21254583923703
-0.5711982037078384	-1.3435476055149647	-33.92828206962182
-0.46402014568666233	-1.1388613502956428	-34.90122420603233
-1.4305431023409811	-1.371732225755457	-34.79349988369709
-1.3643824070513912	-2.259209880412748	-34.337422944044796
-0.7113632708999417	-1.5623898407296208	-34.63408409774775
-0.8255420537872644	-2.3568855756759945	-35.23052330897576
-1.561177974828872	-2.9707620224942306	-35.516871872295134
-1.3583897856343958	-2.2146415689572865	-36.13909274149384
-0.8713554140933943	-1.8477785594475877	-35.34649634155795
-0.1928874654761721	-1.1255736683430382	-35.48103755444098
0.022405986340311407	-0.302527480052906	-34.955448645172076
0.48608253788687006	-0.5760939541407238	-34.112735503111985
0.8019767620749646	0.10885068117993525	-33.45618262202008
0.7466992312733468	0.3315985943120452	-32.48287498217324
0.4015927774221927	-0.4116971707900453	-33.05594822451784
0.7124753715827974	0.27911686368819266	-32.40316343424178
0.39507284163937156	0.6653083166898798	-31.537073487634682
-0.2762230199731498	-0.07526145801307373	-31.5673765399254
-0.001436496157046245	-0.1547871023142838	-30.609165687227712
0.6007715056001353	-0.4150919141820872	-31.363875517253877
0.7179274396042018	0.5542243329971313	-31.147772532355443
1.0596121731772392	1.4150197545113021	-31.52497643628984
1.3769346131910123	2.203712360361535	-30.9984116800245
1.297496925868777	2.135849815287346	-30.003884491452524
0.5951111870806118	2.844777726084321	-30.067724065700403
0.9946268491291458	3.6468860008050124	-30.511581645789455
1.3081435033849511	2.722728180050804	-30.2933166008483
1.8186174275867104	3.4514008080594425	-29.836750533448182
2.482099148464867	3.6257690019997493	-29.109160168611947
2.9852768460073165	3.531304003203745	-29.96816457412942
3.302069693251449	3.3849019088899834	-30.90529248360369
4.301152353191997	3.417836559088422	-30.932663041182987
3.3742912001301204	3.0503098649475393	-31.00916488455152
3.688598837101183	3.4941334468713996	-31.848349809028736
3.176929538873769	2.9277329967988748	-32.4944032583724
4.002331239998571	2.455812706111097	-32.80424720460536
3.044514462225298	2.210482910028989	-32.65457986892222
2.6666871441670046	2.806236261059658	-33.36332838741411
3.649619382894008	2.66496522331968	-33.48117026437938
3.279937767610351	1.8012697444378651	-33.13858359931389
2.287889426740499	1.826837902431695	-33.015350654553586
2.9313310149203957	1.1384129790537891	-33.35009540428521
2.3433415762702237	1.675791197300828	-33.95465563336866
2.480382518386821	2.5973984211826875	-33.59153044135879
3.4341274460404505	2.89780973753335	-33.60265042262456
4.207086165401419	2.7668789905470916	-34.22344987305707
3.3065231433517748	2.427348440274287	-34.49493697910183
3.227129284333804	1.6499541412621945	-33.870954031407074
3.3762088546956583	1.0047617401241378	-34.620288434203324
4.0171342775466075	1.3775688742572412	-33.94929704597034
3.8666665540206417	1.8951991469321892	-33.10702727624835
3.216861907489278	1.2949030068164067	-33.57328735979416
2.655794854179581	0.6870630850983909	-34.13518983465638
3.208372638773603	1.4320276739051538	-34.5089351401753
3.459843017841292	2.3921466955176016	-34.386729932472505
3.629260854454754	2.36412943412385	-33.4015839383674
3.457521242227432	2.019931226943349	-32.478527548017446
2.844247749280429	1.3816920249305515	-32.01318214526548
2.981864807060397	2.2349863899054796	-32.516123764253564
2.6806217836073025	3.0654916627884696	-32.04760094460179
2.42129646739863	3.576729481549477	-32.866982585256096
2.806922749807539	4.162270304613063	-32.15393678389281
3.044788852276228	4.573153497073004	-31.273826154795227
3.468607411468196	5.240379422967103	-31.886351576879658
3.2993126315314836	5.16942832601913	-30.903343327001703
3.448234906681928	6.0912178496503975	-31.26129057184065
3.9677538920428645	6.648319732880532	-31.909162098882113
4.181670455951163	6.601777881648696	-30.933419530491626
5.055157177957738	6.876324299354146	-30.53136827629225
5.5098793243911155	7.6095260990383755	-31.036979678935566
5.807224029779483	6.987897073929603	-31.761661320292674
5.070033970876557	7.099501555332055	-31.09525659583056
4.400126095030117	6.359103638375195	-31.040171548447443
4.792224952150719	7.1194713465335315	-31.557954741140197
4.594106118784448	6.343774020740495	-32.1571563654898
4.108485669772329	6.9808026549130355	-32.75579423494472
4.630050253843677	6.153958866762153	-32.96626925635705
4.571346978355434	6.738302137968829	-33.775649801491426
3.8418084082128665	7.016838586709456	-34.40030244208258
4.44539910982266	7.509123029126329	-33.773138753174614
4.281511221073097	8.300922397991071	-34.36152172317521
4.611845017453166	8.937798985738267	-33.664910070280506
4.273757297013177	9.840317644837436	-33.931662321003124
4.686080532338598	9.927858777474695	-34.83848429896088
3.9277389968015357	10.52267366067679	-34.57181339653566
2.9974241156631756	10.428291572645469	-34.92622310773354
2.974974855698999	10.991626797601374	-35.75214650312272
3.6686086519301364	11.42717027754692	-35.178409600175584
3.9856356565789333	10.833803721847945	-34.43853798367624
4.57106840548725	10.784307662575666	-35.247746632061855
5.539986896620316	10.984650936001978	-35.39286565332829
6.355967488383437	11.199053697650589	-34.856016391744234
7.268937369306155	10.912271748680075	-35.14626130603617
8.091717208219453	10.61938371398184	-34.6591782168116
7.534788673280841	11.44970551893519	-34.6392707511195
6.600799790168059	11.689651855472587	-34.37452460515355
5.6253479887941324	11.634649126973935	-34.16129120473534
6.211184082151194	11.551753794877698	-33.35511229429611
6.9689523454012665	12.067880229237948	-33.75436254534866
7.1041807413228	11.082539809221302	-33.65035515321649
7.979692832522518	10.627682893477838	-33.487309870048556
8.480503422325294	10.107209441224828	-34.178899443886245
9.198547327651326	10.058545376464455	-33.48460501151262
9.605629351509391	10.647537885871058	-32.78648464243972
8.766099060906527	11.184046936543918	-32.87219887524974
8.899850509251687	11.722257335376224	-33.70432874291128
9.480297490091427	12.447861698823303	-34.073895530082936
10.083697947250286	11.999072055510217	-33.414732618235256
10.32504843261444	12.099501397048654	-34.37995999588921
10.419540114986967	11.183377882435325	-33.99035888201115
10.881329661779159	11.439541343637336	-33.14116473717816
9.964775608320517	11.81535522767003	-33.0044438841364
9.303923852525324	11.487417156579447	-33.67952282647698
9.154979763570054	11.336203420504642	-34.656738291145814
8.562593490694727	11.873558917347156	-35.25701120717818
9.406165711199105	12.398576525275702	-35.14412887836482
9.133219558871291	11.88239842830546	-35.955954333828004
8.896504294735395	10.97619501476531	-35.60558130830675
9.770352222582925	10.743561259321309	-36.03251377934193
9.663321806335484	9.776965303123594	-35.7996259362501
9.60412303532121	10.338925280661156	-34.9745826106263
9.976995274702896	9.816818474360973	-34.207529303539
9.08003952559317	9.376248332006694	-34.24452029981049
8.813868920033883	9.990178840829119	-34.98765053003465
8.633900976625174	10.950035163817946	-35.20279554755424
8.278843248323343	10.233884038687366	-34.60191155247072
8.604772791354359	11.173896623695288	-34.70264026241171
8.384400249225155	10.202575782092238	-34.61335551935479
8.303487630232546	10.77734011339898	-33.79904654142014
9.241529974924834	10.998625277168697	-33.532383015869094
9.38156828483515	10.01051620653025	-33.59586321971025
10.190890031876007	9.47011960089899	-33.826014948769576
10.901687761544181	8.879653880711524	-33.44376264886575
11.084585045162331	9.693615393167855	-33.99513841899472
11.900378894712697	9.186075909266576	-34.27241818262184
11.485717210198391	8.541564984194261	-33.630030951383496
11.61933784856581	8.556397256087974	-32.63910939610629
11.701297458569808	7.561203748194151	-32.58551364838158
12.020482742487896	7.518150263217564	-31.638799778217372
11.383996546775736	8.105108127467673	-32.139165432776984
11.359264547140874	8.188487507015921	-31.142954507691304
11.308555271880758	8.430428785906466	-32.11191941261356
12.299631495262721	8.390787325260465	-32.239184781212266
11.46558857171434	8.446363092130849	-32.78807797284059
11.426336149674484	7.453985028317224	-32.90488989785562
12.277894922836186	7.738642569748407	-32.46464253561732
12.262249931877957	7.339722890044323	-33.381494935626556
11.867318743915073	8.149967315252397	-32.9484437513616
11.639149983377402	9.118170909114822	-32.845872714773044
10.646073715887796	9.229719089766002	-32.80904160913771
10.653228213141395	10.158406508655341	-32.43824720361707
11.145439617622463	9.290659308909913	-32.507114689652155
11.320601169959652	8.957973990006339	-31.580486981686946
11.126047511101065	8.717529478159316	-32.531452444018484
10.174679566998714	8.547791579470314	-32.78852846523221
10.517323573197089	9.468283856432109	-32.600674657525474
11.383140507167681	9.574847857390697	-32.111793127347056
11.668687671497477	9.681523472919501	-33.064202246368346
11.454026631866164	10.645448769646418	-33.221582869045996
11.469821018649684	9.647775234584374	-33.15526503748276
12.232969172901507	9.308881829018102	-32.60503221919069
12.663239682740581	10.201035373041348	-32.467448272999434
12.416887120831626	9.34782266637704	-32.92716393776122
12.333827407414786	10.338627978416335	-33.0339624285827
12.108263162301856	11.260964235241435	-32.72024822636559
11.891848439610385	11.536413613510566	-33.656887061676954
11.55339779776536	12.134325678351024	-34.383490341158094
11.441159336006194	12.71601048211555	-33.577856853291735
10.843616164135966	11.924521643760155	-33.70626081160335
11.741958699987357	12.356225784809046	-33.62494523571971
11.667126833083284	12.400172466331385	-32.628717911822854
11.474310466422304	11.477983698852652	-32.293472142448095
11.594094005925749	10.485889112825262	-32.33089187038852
11.251177400202426	10.714204061572023	-31.419694588951558
11.672433172629223	10.959027188267294	-30.546421887653743
11.225220544039889	10.905208713166225	-29.653614833152073
10.645665438500336	10.366648773470889	-29.042002970122855
10.778389679059044	9.935874661117744	-29.93464956317901
11.296501019471451	10.708011294772382	-29.56672884087011
12.106381286498491	10.674290434485087	-30.152354025319685
12.255634171950431	9.698078017248532	-29.995087078322694
11.93875446916013	9.407264148940472	-29.092305516725936
12.660342036575821	9.404081272892059	-29.78462137805739
12.517304298695349	10.177313378597894	-29.166841226022676
12.73162004712637	10.92565593992378	-29.794576975269546
13.014855893539016	11.571726641798291	-30.503357691349176
13.881263172841226	11.295059750449141	-30.919042496944922
13.712648450896154	12.179059996276182	-31.355061580152437
13.002067459583085	12.544385749763876	-30.753719956261975
12.972411658936826	13.319059648002094	-31.38538512458792
12.57442611100631	13.054448838203543	-32.26378629886775
11.632195099944482	12.759748238926068	-32.10456231016224
11.212682230216068	12.86638438572279	-31.2030981210075
11.877924024013504	13.563451909806577	-30.935609387314734
11.17108813578263	13.78489058614196	-31.607433724274664
10.97528778136299	13.18238316870661	-32.381156564278974
10.169077078904323	12.747137517605276	-31.980425324620043
10.95124409209971	13.368704328721991	-31.93718803993131
11.374539999374056	14.102808114145573	-32.46814209360468
11.217708632604264	13.717928173501681	-31.558597507733598
11.122100235305862	14.178330007052377	-30.676050519732847
11.112797593720728	13.20913614604999	-30.922173904755503
10.604077509677202	12.733005604870254	-31.639462956565513
9.66965306798362	12.418494252582564	-31.472329560596183
9.722590428807074	13.379537856556006	-31.201049581440714
10.396035435785599	13.04350594308548	-30.542601120507502
11.364426736179936	13.17683121252877	-30.75341540334573
10.486222740257592	13.395244139040287	-30.327911543106048
10.124537264677627	12.475419300591719	-30.479917738136166
11.065088506383068	12.13945718931427	-30.52984590165561
10.378760355087028	11.705391418201444	-29.94628735696049
9.73542912995917	12.457810358395516	-30.087675734179633
8.956722407929785	11.831422371838727	-30.12308662747006
9.233497087938133	11.905129087666134	-31.081190534438537
8.253629697646838	11.765647399798185	-30.93834531683088
8.168458832441331	12.27172180273025	-31.796619528500365
7.759953174978731	12.994673057618536	-31.23942601554754
8.708166323118677	13.309870501110083	-31.278699381984165
8.44769875252201	14.248795445536992	-31.503591786036147
9.02400097726637	14.90108172463548	-31.995931461315802
8.034507851610785	14.772636588473947	-31.929559770986565
8.397831602233548	13.862520784599235	-31.730348637334963
8.93352721554618	13.677800372108381	-30.906389549098993
8.709075365911971	14.145547931477005	-31.76127760487051
8.811477944283665	14.864416893354358	-32.44883933125737
8.116674377772993	15.255829857621366	-31.845478829262234
8.583207254436463	16.122102577271278	-32.024136743114674
9.03048039994781	16.640963387862033	-31.29562442850528
9.161433318994085	16.17703242079498	-30.41948551783564
9.481019163867353	16.293365821349223	-29.47909654104353
10.178451914769994	16.145308769407183	-28.77790707496548
9.21876202717062	16.413725021666004	-28.69455220010615
9.419875839984847	15.490248306952541	-29.02126919029361
10.12515390117869	15.202235027977407	-29.669058668081504
10.042964459664109	15.89251231057628	-30.387920385543023
10.092084800559597	16.523827159797083	-31.161889863793963
10.449407995485132	17.42100664812462	-30.902295757365142
10.64884596790341	17.45160738872913	-29.922863222765496
11.26250277860281	17.44451063803107	-30.712404200050138
11.099236204438665	16.714626736126682	-30.048616948363534
10.609427855450466	17.516654712588473	-29.70679988291154
10.634377536487438	17.912008126119563	-30.624990054839635
9.883870015753235	17.379333310419238	-31.016137088626298
9.67064839521286	17.181757710003083	-31.972954951468854
10.669491084963433	17.1420132438991	-32.00004108346203
11.431959752638686	17.444178047651008	-31.427906516959577
11.970348264983661	16.845610905566687	-32.02108034156062
11.680975310237315	16.699449982876626	-32.96707203166153
11.544480208482662	17.253034426288814	-33.788603133452106
11.800219091285358	17.187040970744896	-34.75309392534606
12.328634280415042	16.48786513095348	-34.27150225915077
12.625500549666365	17.38423265077093	-33.94226725554777
12.317559372936817	16.445962876438838	-33.784717065926834
12.511392997530784	15.79594165495497	-33.049937549610924
11.83231021350491	16.01596939157312	-32.34962735579785
12.775141545445155	16.17583173037375	-32.05720110501884
13.190873944444952	15.86885212170257	-31.201087740865624
13.419398629135236	15.42697935576013	-30.333605794537196
13.296342123610659	16.414719249380994	-30.429663063902275
13.137926360323242	16.220046672040922	-29.461671827591566
13.15863968065263	16.255757596619986	-28.462524346872957
12.75001910313728	17.15937816779141	-28.590973118712608
12.806729840407533	16.996407472823048	-27.605973400509754
12.834586641181923	17.99292114662096	-27.527331830178586
12.541243408665897	17.644751360571988	-26.63697934491235
12.355532316193965	16.721382365237112	-26.97298691712953
11.784283328837693	16.726664367473347	-26.15222708934992
12.641460643284923	16.369544004639835	-26.523322896448896
12.82428125869898	17.341098226323737	-26.673852019569978
13.729808934633795	17.764599971649996	-26.648046984755567
12.78352028499434	17.510506765523935	-26.448110909561557
12.139622424117379	16.747457830283242	-26.391969417008802
12.465869696104926	16.033434449528265	-27.01143154600154
12.896476883382599	16.726895836580393	-27.589089537318547
12.182423993075284	16.187317050134745	-28.03516487071148
13.170018356535602	16.03874884624193	-28.086006409372008
13.563929905187324	15.957372936872305	-27.17046741336304
13.947383803265604	16.576080796591064	-27.85615224794117
13.735599212223566	17.415134422357404	-27.355017236107248
12.955183228216217	16.940847776633724	-27.762451978850002
13.638063218961824	16.31301195940913	-28.135945091034035
14.03557983988563	16.304185576991166	-27.218392568797558
13.155063243754705	16.009385804881767	-27.589584726988132
13.401379664124459	15.22856516972193	-27.01543548091648
14.259271113596643	15.226896373121217	-27.529263736309744
14.060424335303944	16.113670284471795	-27.946507057299385
13.472192023900638	15.320399938843073	-28.10368500284773
13.522224738641526	15.55210020512535	-27.132185278678882
14.262230653276823	16.110885362543	-27.506551936054446
14.919150659848734	16.661823945113674	-28.021258438054105
15.730050701342314	16.445569581788057	-27.477498221553844
15.11533015710208	17.177255972856415	-27.182958449003486
14.492277013398086	16.739725066331694	-27.831319063134387
14.547419835654432	15.935449680208949	-27.239626260718612
14.31730826797954	16.251851313143327	-26.319333550164625
14.94329446717483	17.031568922835152	-26.30585291394152
14.214293861683563	17.680629645894786	-26.088417187864014
14.954867258721665	17.02403420209323	-25.94547151014496
14.087767095465244	16.896782135105266	-25.463865635670572
13.13921555011894	16.90774666169547	-25.147432791329123
12.139324668665838	16.905450392463862	-25.132839904908543
12.397546741376155	15.939852215153667	-25.163524121380032
11.864090591008802	15.09471278150803	-25.129408533559637
11.065295018503607	14.640403710312759	-24.73503700672775
11.268372174952974	15.482336143720163	-24.235127568824264
11.350223716077256	15.857261981293572	-25.15856188783972
10.502504594875335	15.423573643903168	-24.853133144005557
10.485175020401005	16.384450964926828	-24.576701489177385
11.395118612762134	16.72930481765641	-24.346313818112947
11.096316605862567	16.8762135497422	-23.403374167281815
10.680845293257903	17.768887790132403	-23.578063288140427
10.70158013411082	18.728619190575973	-23.858216291653566
11.078708002921864	17.81477027677283	-24.008731185624026
10.627152301358192	17.01028502942382	-24.394608025021117
11.128806417425816	17.339443352922615	-25.19460674120998
10.319348994209415	16.758648409966625	-25.2809543771748
10.02763639224866	15.804348073282322	-25.21603423190605
10.912725291042841	15.702354632716055	-24.76192523693599
10.890759625776449	15.48714954274278	-25.738247048020266
10.607904855065154	16.0582263968357	-26.508873030845272
10.275683433553551	15.65981873902644	-27.363800083457466
9.97274057212126	15.402700188572506	-26.44613147566953
9.034668228856242	15.07543701425396	-26.5597936661117
8.483877328212735	14.345170448126016	-26.155640073817874
9.206330755978621	14.546168103355994	-26.817199585352157
9.409959665032552	13.576087570237158	-26.949407855369998
8.89298699697832	13.506153235443746	-26.09626750976327
8.886297185263313	14.018562462900144	-25.237552172741243
7.926908128657998	14.08760343182371	-25.51105899656142
8.33366562202192	14.996751418222274	-25.421625890724293
7.779083321251533	14.58288256944335	-24.699717968837707
7.296079230866576	14.995991010893304	-25.47175971918166
8.097007905174856	15.42597155346146	-25.055070396444105
7.790202020913882	15.510432485539908	-26.0030875378162
7.132691281129174	16.244513246585957	-26.172808082624265
7.930561595845186	15.882037247432116	-25.691129651580837
7.848370964897662	15.57648988301112	-26.639752605277227
7.446442357262078	15.11491965004803	-25.848926256192545
7.227488079353389	14.143348966627498	-25.758873875306517
7.07145172565719	14.792556861829171	-26.50330773075175
7.666499687227629	15.442894847073331	-26.97551364810066
7.27740351910091	14.569469200155245	-26.6827136971872
7.5312981388262195	13.828380197082716	-27.304263865395377
8.043330936456101	13.966206036983536	-26.456427529769883
7.211160940960945	13.43334745343203	-26.609903353706645
6.709084865741123	13.017149763552688	-27.36799246300117
6.068348114513989	12.396812959112056	-26.91562241018676
5.537182581435908	11.573850972826056	-26.714136069215318
5.825116958955108	12.531315762225912	-26.695295387111994
6.3183217307384645	12.573254985123308	-27.56419708159353
5.9561473118762915	12.618813921055287	-26.633200801429876
6.5149483890546	13.441793525730189	-26.735406116525255
6.139624177843303	12.520177391735373	-26.636636495492134
5.890095036457791	11.626246845103346	-27.008958111031482
5.794640250916861	12.617679471170957	-27.09811938001141
6.158010180938357	12.888257758128022	-26.206632035971378
5.974851991861903	12.528466607777114	-25.291753133655092
6.699554145925179	11.862250481878142	-25.467715804378955
7.157899129762173	12.084617737912945	-24.60720858230875
7.7775501764839525	11.302246075456933	-24.669875655659897
6.916895492768471	11.463808466873154	-24.18699771137348
6.273851363592748	12.15628897818983	-23.859942686371163
6.473521483584382	11.5658248790986	-23.077968268076763
5.586857850347932	11.309747403335694	-23.463003237790968
4.660207720658776	11.67136442725923	-23.36027707191454
5.328822867757651	11.94900344245461	-24.050110647722054
4.98876571486867	12.889208865606275	-24.030748441105512
5.866692098885713	13.361754363670384	-24.10785885872953
5.336614379205378	14.209537546414865	-24.091087271022634
5.851017885790246	13.384216836709049	-24.323970843959433
6.645318500784721	13.822478997396747	-23.903241938928453
7.441499248869563	14.248195100701972	-23.473286108911598
7.820475688312367	13.44557741916535	-23.933917974539636
8.613081081352782	13.442611374833142	-23.32419025374595
8.305276781605897	12.662021714249995	-23.868190524745895
7.777992529926162	11.873216709670018	-23.552345653519104
7.76964473714897	11.943987312986735	-24.549803339870657
8.712467521068579	12.2294883512133	-24.377831379092836
7.7914340620430815	12.326088204499394	-24.755145354053493
8.286699085493408	12.992562202127571	-24.19789768287643
8.995209591143755	12.828453016775729	-23.511544247199012
8.528464408756305	12.602722267702404	-22.656445092924393
8.272654865921766	13.289435048925203	-21.976013587260667
8.979283059022029	13.387479991782621	-22.676773022370817
9.706635295693701	13.611389537524747	-23.32548192406263
9.362855315970293	14.318268907395849	-23.943654134690316
9.575352217517429	14.634593595724748	-24.868199297668674
9.990856012766605	14.518197951325936	-25.770312732940866
10.150557524239307	15.285173392228407	-25.14882733465242
9.249670274286492	14.990655523179722	-25.467671164267166
8.704959795472318	15.823281069118433	-25.367545270912196
8.680422563388788	16.81070611164437	-25.211373219525537
9.285530167684364	16.68086999328263	-24.425887783892048
10.136690547870693	17.16060316152537	-24.638918519910824
9.939754191521663	17.200783624219294	-23.659325950540396
10.730044996982063	17.491618932525807	-23.1200159596752
10.972566395513295	17.0202865966681	-23.96797185500781
10.666811430100864	16.096472445662034	-24.19836568202301
11.649025122281392	16.16581067482447	-24.372860589884727
11.793808227693727	16.918742023936403	-25.014835851021672
11.076397541607287	16.223958411240694	-24.96386881247485
11.440983194822683	15.735585488661677	-24.171045257097415
12.350049090424815	15.819267259996165	-23.76288284016086
13.089854641460075	16.225390806982855	-23.226458184463215
12.385438334164455	15.880742649920421	-22.605962162034857
12.534252663609083	16.41932834006594	-21.776637286173607
11.831339964655466	15.989402738913471	-22.34327448502633
11.950196852481156	16.981985776065414	-22.36880788618533
12.577511988327787	17.519747956573703	-22.932090725931904
12.519245574501015	16.600048770431215	-22.54381449432781
12.031104693397113	17.462327254300728	-22.40892825911166
11.86070738146244	16.943446891894013	-21.57123623599454
12.561568442542617	16.63330535148343	-22.213580378937607
11.88196000162212	15.899787279376374	-22.22272395164274
10.979874333461307	15.833926997083298	-22.649225851421942
11.201220690680199	16.494323053708754	-21.931672481602387
11.75331022690115	16.01991894371077	-22.617338496811175
12.123631485950227	15.156291817615994	-22.959406256428572
11.664266979933984	15.9600427030664	-23.337518362490055
11.128686269496026	15.507306650958755	-22.62464854988136
10.876651562837031	16.270443237163796	-22.029584639503202
11.150563189282401	17.05128235159895	-22.591067228962817
11.831796584834589	16.35323350045268	-22.370502358238195
11.54506709584795	15.711866998620614	-23.082144972527942
11.251855272570875	14.7860623178897	-22.843581522211007
11.261819325115164	15.782266737258652	-22.93005390211716
11.664451123660802	16.405785594551276	-23.6002119949582
11.795112827266797	17.00885994580003	-22.813301043149362
12.0550151744983	16.27318242048139	-22.187817751090588
12.060255179439187	16.4473250013134	-23.1725242575632
12.986292247944018	16.469604636501092	-22.79574983485002
13.490253231884363	15.610540159317008	-22.885368754204364
13.56511571913348	14.641862237997753	-23.122135924123242
14.219700367368809	15.009769580618133	-22.461709451652126
13.645652877295603	14.25904340754545	-22.788634048775705
13.53211691931943	14.255209419213585	-23.782160539001293
13.507451041186599	13.536590400227503	-23.087194136930314
13.317709031471205	13.87702894585829	-24.008117351100655
13.150831313937058	13.494607893584964	-24.916911038451396
13.478883448595456	14.439071884956695	-24.89768694033811
13.804306363322908	13.950346198362706	-24.088213574603706
13.874524076579345	14.912079631863284	-24.353049893170777
14.486248161766616	15.57337896167647	-23.91891069891369
15.470857245233232	15.39935504208036	-23.935054681183818
15.38707413979128	14.485355055930741	-23.538085643901137
14.505782454756408	14.0983285650988	-23.809259870705397
14.506590498142785	14.835351209021606	-24.48512743865872
13.660047525558427	14.879179604488359	-25.01564046141949
13.889368725751659	15.419379923291604	-25.825328921697423
14.766996700918265	15.777735742411528	-26.143684452680983
15.302622586044611	15.00842075306592	-25.795461308202267
16.068978312193693	15.571160915494708	-25.485586477684326
16.72932481178191	15.275987777122575	-26.176104630135992
15.779733350959022	15.576283475228855	-26.266096581059344
15.7142520392933	14.71887208063549	-26.77654530350259
14.95208302464895	14.415555011565525	-26.20462122748634
14.21643826603901	14.964970723007303	-25.808427884344077
13.822784808701007	14.058292003948196	-25.959988617818027
13.825566168000845	13.908882516553657	-24.971217122922905
13.199062315116644	14.371476477298634	-25.598512707000708
13.743809637677526	13.640954622967003	-25.18670185854391
13.675928617958341	12.761262249328306	-24.716028410255312
14.398565310511643	12.104932590142779	-24.932886864204033
14.141996353088858	11.812038662751183	-25.85396531764003
13.5734152747806	11.276585986146438	-26.47846991210398
13.343804069696048	10.303815778179734	-26.51004232081516
13.879186753654588	10.75186238753743	-25.794067727997486
13.737462611364423	11.590767772654562	-26.319569414306528
13.67473752618527	10.635747809157083	-26.029737682071215
13.003566745096911	11.368328205097347	-26.143120864674994
13.642566659787807	11.570651005916247	-25.400999181058395
12.662565501806002	11.434616122073098	-25.255767501552697
13.093470560881624	11.176796351880473	-24.390984409580508
13.08416203265432	12.154909410958314	-24.183118599588813
13.513765415700265	11.424988682065331	-23.65146395340592
13.45553815571098	11.677094364250678	-24.61741028276599
13.336293627644693	10.708886639406535	-24.397513615946117
12.513279735681015	10.469933117074879	-23.882198811384683
11.787871737680865	10.966762296074073	-23.405812410096384
11.248190819190397	11.716265565004603	-23.0224205008445
10.566787697087674	11.185408403730108	-22.51855498355623
9.937542934903771	11.514788147096386	-21.814594747517297
9.373560529143873	10.805801316162785	-21.39120188083666
9.303121265975852	11.793849758749989	-21.528309813887066
9.705254633730023	12.569239131598351	-22.015197968407655
10.033388168776217	12.619120201726599	-22.958511416854577
9.623340453787556	13.458811223511715	-22.60244982194967
9.930968511048201	13.66958860289859	-21.6745824420268
10.817254704371116	13.935061771966783	-22.054083140352883
10.990356056137173	13.497473018389163	-21.171727200406234
11.945772613651073	13.676747989769288	-21.4063325845411
11.135981839810317	13.659853689647411	-20.81985710745295
12.023148086231107	14.040826995439927	-20.55948162572493
11.730476747485106	13.420736871782243	-19.83158621701653
12.253773090589664	13.20028857838835	-20.654728663518554
11.61068913977206	13.22790502835437	-21.420026229104828
11.386124615661561	13.649879792680865	-20.54167090648048
10.749862777950655	14.181167812121982	-21.101049056099612
11.7157446013329	14.401768963630909	-21.236723059551302
10.921672810923535	13.9391220388436	-20.842505080939134
11.413541696949874	14.784597198541336	-20.63457058814538
11.063326768342995	14.60112470439616	-19.716046038841927
11.14167558571311	13.604447447938064	-19.693777018303894
10.98542268778099	12.656151919886826	-19.970038892919174
11.243903813663094	13.580993095652758	-19.691011462062228
11.399539846024306	12.692830568410118	-20.123382541845157
12.204483150927413	12.54625886419722	-20.69834602887345
11.958192097511409	13.332860315323698	-20.132131516437447
11.465982521383712	12.500452972330041	-19.87751857784546
10.710465380704797	12.77065002306081	-20.474332957629304
11.147317411708261	11.965419584730753	-20.8752871248289
11.275180232229468	11.576754952172774	-21.787751317291722
10.603955010449031	11.58466379253999	-22.528962590742054
10.352526394680984	10.863122878484823	-21.883856118508582
9.380178496485426	10.717854520701177	-21.700999155006052
9.114959200254505	11.60260408792988	-22.08424441354865
9.974682090359625	11.593750101124101	-22.594928424603424
10.641338480318488	10.866159982178191	-22.433120277282832
11.589972233798035	10.569625021436947	-22.322843267812946
12.3820898506045	10.980077167054057	-21.87109254307302
12.076633260602216	11.289632819083284	-22.77157661840188
11.49552344018786	10.545953652153718	-23.10211053994849
12.11690456238634	10.233918303714146	-22.38341766931485
11.299245692695996	10.808739318393883	-22.351562153319716
11.43285045169842	11.397202252223645	-21.554153134132985
10.777068960898914	10.642975453408855	-21.587207215189466
10.585804138929129	11.24193925626003	-20.809608262803923
11.48609032999683	11.67661393034431	-20.832904225593335
11.001996416826062	11.27823851353629	-20.0538341963187
11.469634119890586	10.706915430473689	-20.728300587944176
10.86944946857091	10.437434225860844	-21.48139969475598
10.732815548836504	10.500262729735386	-22.47002690006589
10.154522577737312	10.470151727863861	-23.285300208314975
10.335434337856123	11.040369581079789	-22.48397472205815
10.814337339562035	10.630568263112469	-21.707627638113475
10.085470456688581	11.18385122189601	-21.30435225506849
10.809268348797865	10.506170562712198	-21.434219631827446
11.603494151109238	11.112497700893911	-21.47387787747043
11.790850093307728	10.728473422037204	-20.56976333595954
11.24605134244994	11.396675539911826	-20.063107386886152
10.36096544214813	11.715719512180526	-19.72423588786937
10.17732782776377	12.695119551954221	-19.640255005078235
10.464098759211677	12.998236320960457	-20.54903586822611
11.265058455847901	13.174282312952005	-21.12128701332584
10.962493832329985	14.063671967961701	-21.463983220128615
10.390183317198616	13.730203076024516	-22.21315554501805
9.884271140481028	14.468130502819658	-22.659827664399245
9.833612926116507	15.110441943094568	-23.424595445499858
9.859607214381777	16.027888012121203	-23.027585360735088
10.074264579569666	16.75426543688268	-22.37467031850705
10.449263510328022	17.366185961785273	-21.678301829032495
11.346859612369501	17.531738254176197	-21.26975112705754
12.054462317394806	17.73925403997515	-21.945203279681863
12.280842663868722	18.693209531811696	-21.748427116681047
12.597959966998992	18.18792211128672	-20.945855475819812
12.132276130770252	19.025759182556808	-20.66095618364656
11.323139959389039	19.572561870346675	-20.445769109712856
11.80974549266588	20.31877093052395	-19.99147064670253
11.408017711683593	20.800903523087438	-20.770035321713536
11.004487561694491	20.38340301356341	-21.584195467260432
10.980834949013875	20.752265345387574	-20.65501242066805
10.760425325388468	21.67381832530658	-20.335388105235623
11.66704198638158	21.941817663498988	-20.661306169690565
11.566092178494547	22.60184410411227	-21.405734966808883
11.195741087347132	22.27895893300208	-20.534766979128896
10.692878150996227	21.416278091252543	-20.480816700882986
9.72634370784773	21.508843891918925	-20.24156214449053
8.775355034389126	21.273547512342457	-20.040922774695538
8.38126801500444	22.175833337664116	-20.215781891061113
7.983269604242358	21.268652457427898	-20.352237435341593
7.412882993118665	21.84907534295004	-20.93341588281964
7.709973191741083	20.97032157585627	-20.559879765822892
8.493537131016017	21.575111451026455	-20.4175535210209
7.616784700356541	21.106268439583005	-20.310355545511335
6.778838124012069	21.22061614583272	-19.776716962509667
7.470323417686452	20.77225823708859	-20.34312959857866
8.372187546166325	21.199927584108117	-20.2819738680111
8.12684473424417	21.114661803635457	-21.247653240949422
8.407544956737814	20.591057778305288	-22.05204506695846
8.581702197133103	21.39435246281934	-22.62159480618173
8.238873357656894	21.97139940514679	-23.36286750443385
8.599476583385457	22.779903818620856	-23.827933012708883
9.294653621180826	22.06174984720545	-23.796568072689947
8.57758207735251	21.45056232905679	-23.461518496222865
7.852608602321336	20.78330035609549	-23.63232517039412
6.936461383107552	20.858234508963537	-24.026100671740327
7.682610500943391	21.160178596509358	-24.619473456715266
7.922986886477388	22.12369747322231	-24.501785022722924
8.628044095422846	22.58106738007287	-23.95983751565117
8.187904345455172	21.750503579755097	-23.618603323196457
8.588904789945925	20.83662534328689	-23.55515876134742
8.239527577656071	21.77271820472977	-23.514345549166613
8.190436730172935	20.913674832515458	-23.00480205411632
8.026987258332978	20.446906552700533	-22.13565785255142
8.491065874859952	20.193639629312294	-21.28684285315526
8.17105548596411	20.537321147237588	-20.403963266102078
8.359837395808889	19.74973937353518	-20.990543473957086
7.743219756544291	19.95616210498019	-21.750262068497605
8.695308799899768	19.682077455663634	-21.885923627280366
8.143860222146515	18.881477125837296	-21.651523162315474
7.625222360377108	18.088366308928084	-21.332164429163054
6.7076481616313	17.732412297735262	-21.50923597321117
6.378734101179599	16.81042833210404	-21.713591320476933
7.0675024232387695	16.133656539857913	-21.453633362823098
6.246811801419066	16.68839428518919	-21.31676504230307
6.261862052534168	16.748981612944675	-20.318715611835525
6.179678922341113	17.565298266167446	-20.890443741966298
5.715844967572164	16.719350781463216	-20.627326058170475
6.280379500502038	17.354300983172422	-20.099937204970907
5.835822814606944	17.365156091425664	-20.995622149385294
5.1150455409232105	17.911504775826756	-21.42221708230647
5.794225198157993	18.64467533406704	-21.38792530883034
5.438044658143298	17.718359701437826	-21.510704670538765
4.683682189305345	18.37349703626942	-21.46908330440808
5.16644944233288	17.519595460755543	-21.274692258474197
5.313121654264356	16.53434581451016	-21.186542404132855
4.775825324851485	16.02974275544066	-20.510755154196033
5.652648610426944	15.680578318187758	-20.841307905856784
5.484647205188847	14.96375956567144	-21.518025279565382
5.5758058019094685	13.972054693743663	-21.427407636478634
5.494774410156812	13.31999787022484	-20.673580194385245
5.887043715825728	13.627041295554076	-21.540672534791998
5.955808794694404	13.397857430798634	-20.56972139283692
5.643216171805348	13.451828619448953	-19.621368629931094
4.678153926225113	13.351789651582015	-19.863540195280436
5.015566322853569	13.008418653139323	-18.987041916885136
4.504554640013457	13.506647701509355	-18.2865885812794
5.252628710143281	14.161278978390492	-18.177762679361216
5.049256423804468	13.260179058622805	-18.56072305295626
5.990110481374788	13.074821566776151	-18.844335892174968
6.11932513236235	12.083229748201887	-18.837318819657007
6.375965727535106	12.410092516478084	-17.92776050067782
6.3608029726747	13.392352310883515	-17.740849326160273
5.926233862434336	14.275254558696925	-17.918706879361906
6.8790986653455475	14.465383145227669	-18.155138239288192
6.277692814664913	15.141769100663158	-17.72991707088672
7.220368067091549	15.351109729364923	-17.989801409847527
7.145184880919203	15.319763222182331	-16.993124488772146
7.725588716902537	15.085282713419318	-16.213284583287646
8.058622011269755	14.958344068582575	-15.27895305471232
8.951088786055276	14.564127298731979	-15.059644609201257
9.75897973332934	14.615301788421226	-14.472538665680167
8.771201618732652	14.671461503441611	-14.327140994678505
8.585446414885002	15.596483799066554	-13.99573677497054
7.8510380579398	15.2907981031551	-14.601707583313853
7.145028333705843	14.693251710620668	-14.981824115519741
6.430192509309622	15.134053818784674	-14.43895834426686
5.724638397999385	14.960830925308306	-15.126117150649248
5.690616022703811	13.971701906443137	-14.983056806674664
6.51601544567099	14.473638219898874	-15.241466809963857
6.155856417431176	14.372437348142501	-16.168852305824664
6.863307716311433	14.875912418160642	-15.672842715612001
6.705813196841518	14.19276602763473	-14.959746308771729
7.146957646295923	14.189486040031126	-14.062316190936944
7.421284513522241	13.273621200294501	-13.76916714138709
8.16088745029091	13.946195084388286	-13.744030189339329
7.7165325873669905	13.713077694196372	-12.879041728037132
8.197935560210816	13.771341201488896	-13.75360249862715
8.08498625931987	14.450668256624535	-13.028511326712172
8.401826632677423	14.834573427187383	-12.161199965189876
8.386370909503482	13.90054898771082	-12.518074546915164
8.976133971337651	14.61002100455597	-12.90385814974161
8.95898984165411	13.83192482140691	-12.27594700269427
8.292827166923518	14.554551475728633	-12.091453075261644
7.496503016946189	14.819133557958791	-11.547519099557285
7.399749088590289	15.784922112846111	-11.306913312851348
7.901174082660486	16.642993591239158	-11.19606966941589
7.561080470165532	17.062382006624553	-10.354375133505945
8.178307807462874	16.720901558085824	-11.063192117895198
7.186388608967022	16.594030725318294	-11.062883170778361
7.185571144687566	17.490587058756034	-10.619954200485283
7.251750126449485	17.85033925643691	-9.689256237321716
7.242176277295952	18.322825247978948	-8.807970058371328
7.780766683670842	18.718811828115324	-9.551687076136053
7.508508017419373	19.670320628444973	-9.40848714056909
6.926045002271142	18.857730498097393	-9.387651688902487
7.44999205254497	19.341330164275536	-10.088801352941333
7.1426426772807075	19.715052761758916	-9.213662631563444
6.521824771608485	19.88717252080748	-9.978489354777004
6.318084638100406	20.864019216510798	-10.043761792234612
6.709956403373112	20.14031024765471	-10.61181271246923
6.291111758640546	19.319613883305884	-11.000434174979409
6.797709616484213	18.64863456698414	-11.541863180017485
7.574421799015478	18.45995747091394	-12.142795072103457
7.190160383147193	18.281960600898845	-11.236892053817348
7.982646434911195	17.836503947858446	-11.653466450560044
8.481421413785773	17.013041974705057	-11.383033650739197
9.230173708308337	16.55619640193225	-11.863306619044748
8.251858598335758	16.488724128437564	-12.059130616319786
7.698296509885269	15.664000806209815	-11.943370277671526
8.554775801415015	15.778154021365408	-12.4467709795486
8.013657748871646	16.09554142242894	-11.668017815280376
7.636224214731415	15.224564721816764	-11.353464935310907
8.243453212461393	15.64205141434128	-10.677463599601625
7.634559020852986	16.42657305806411	-10.560102388138711
8.200652382067416	16.930966474902956	-9.90808583356463
8.40109761915571	16.95058166726962	-8.928577308253633
8.573188525513164	16.202323121460505	-8.28787935400943
7.789210037965067	16.467296449016015	-7.726482108962816
8.216367733981944	17.343152492083867	-7.501954839894981
7.900883291326486	16.41382063118927	-7.693819007390081
7.153835040945436	17.077846341957603	-7.662374341049874
7.612375043402926	17.502479412773162	-8.443032922835853
8.552277260921722	17.42956144198278	-8.109466151350574
8.325180528729103	16.801337602378737	-8.853617938004678
8.74604009613299	16.234665423936324	-8.145267836216028
7.970874575264631	16.17686892689524	-7.516158958368413
7.1143356057243805	16.69147873332855	-7.5551171511082265
8.082942567100329	16.928786342528742	-7.4810519569227445
8.800722989168271	17.618551927778608	-7.38610616659543
9.145901366780436	17.15245953860107	-6.57148369429321
8.537289045755992	17.215283570482534	-7.362460421963167
9.364617849761792	17.072654960582888	-6.819151918716208
9.193554952876497	18.01081833261716	-6.518175220810087
8.279875590557477	17.697590832388578	-6.259179939052046
7.793202358840681	16.887312863508683	-5.932685255055391
7.917004636555575	16.055834901584713	-5.391097409117617
7.731387347947772	16.36090311838911	-4.45703124161895
6.742496585534593	16.465874094425462	-4.56227455116352
6.360352968409586	17.162563847291544	-3.9551587103703207
6.46642271660535	18.102322324874272	-3.630192231592692
6.927924275789887	18.185391464132483	-4.513433891034286
7.554985793647349	17.657478111003073	-3.94063257782871
7.052262639882885	16.83181888016043	-4.1966721552253565
6.662238759037769	16.74280028730454	-3.2801804408620994
7.606197834425003	17.070573200255907	-3.31898999547796
7.965519588526849	17.37540119739705	-2.4369651833620996
8.225274961074224	18.340526675549018	-2.4695221773066782
8.694471048829133	18.230775902546732	-3.3457697445276895
8.62039634921985	18.205269409436937	-2.348843289022054
9.232238144614	17.71706655007103	-2.9711836986982156
8.427287118567833	17.126581542613295	-2.9130347379600603
7.456352944832238	17.067512639084878	-3.144978039023851
7.105205501744067	16.7733616158546	-4.033893472991127
7.558660036623183	17.661890300050885	-3.9639237498388207
6.770963735299935	17.196862248840166	-3.559840282633317
6.69240351271994	16.32599748870974	-4.045044220159747
6.852031357220223	16.50690733168863	-5.01550317342545
7.5914032433609595	17.041771742492507	-4.6065419576114115
6.804022373143667	16.947003131440077	-3.997402995161087
7.250588469051591	16.109607963497357	-3.6822077307745404
7.568894656699057	15.884852387183146	-4.6031670685419535
7.018919885494674	15.19972104286889	-4.125545050543595
7.613733724570306	15.783980083132285	-4.677666296933004
7.775906991665581	14.818227032607568	-4.880202409371938
8.354635536938861	14.996947915790443	-5.675898404586302
7.555840591704283	15.441771011483933	-6.080940438214097
6.624054665929137	15.558494073979645	-5.737209853003865
5.978969146806915	15.136067422902679	-6.373936165856328
5.102667071322466	15.0338679508021	-5.9031390328955755
5.487331423425978	15.353574473012383	-5.0372169371635565
5.374588731786628	15.688451195510044	-5.972709676959599
5.62801010440783	15.702165612509905	-6.939968444128556
5.0134985410721145	15.141489684998685	-6.384974711879175
5.985965054739009	15.369876619665204	-6.338625085449017
6.035395842248888	14.85852515478205	-7.196573963068255
6.179625579885437	13.90738221140167	-6.923581501562388
5.266999448939759	13.666794157688974	-6.593080467485405
5.102626853149098	12.77966998604936	-7.024348775903452
5.663056310641126	13.372215219584932	-7.602975572197469
5.962862395786985	13.28108255374463	-8.552612949582338
6.812589828595536	12.818124249102297	-8.8048685701248
7.3967975411856415	12.024514345423185	-8.974823473945387
8.166194922357944	12.573621585871642	-8.648466448079196
8.38490965891206	12.255105295169662	-9.570806535341745
9.20689938164855	12.276747542631027	-10.139897484874794
9.560720212311642	12.011214095381971	-9.243068176599872
9.851606724445707	11.656242195500829	-8.354597587692599
10.363314920823539	10.803394600522234	-8.2506471115084
10.667681794444604	10.09561633252039	-7.613143598116953
10.054876463360038	10.5876971495229	-6.994818363525556
9.40511624457161	10.090519424631868	-6.419817521828634
9.899560560801202	9.961497043639737	-5.560237366548531
10.888543138428776	10.010666320061274	-5.420609849900603
9.94204382540683	9.829490663387936	-5.687657470893504
9.163855156538103	9.249434904219937	-5.446913391214797
9.94176503470361	8.625978134564303	-5.368441244416853
9.147150466096628	8.228671754541425	-4.909382067675248
8.43665830769796	7.567653076566622	-5.150743208338843
9.357618994163172	7.782635941551204	-4.82576046764556
10.28198950924438	7.407197068067751	-4.8934716419523365
10.236211874528205	8.261717428141944	-5.410868358581344
10.19953218008368	9.117855530824702	-4.8954247155414325
9.935006017153295	8.641704000273938	-4.056791524521943
9.554397259096843	8.6967230133725	-4.979889504959755
10.53490789046332	8.500311903103475	-4.98453466805359
9.543443216615891	8.375375337385366	-5.021799330391891
9.602976936383373	9.001170699109444	-4.244087364780396
10.563696735910963	8.982245025662055	-3.9672132314991586
10.59320841389353	9.222043566850623	-2.996839220868993
10.82798713296222	8.267936195728467	-2.810941191178458
10.182316297935799	8.894796257888219	-2.374872807475415
9.235896955345158	9.19530311586066	-2.4931354654948787
9.412435562364346	9.47512571362169	-1.5494546751775349
9.947516839154085	9.109500162818094	-0.7878734360253284
9.24115576152442	9.80348189028684	-0.648433879408956
9.33618937071424	9.749420830049305	0.3455711582494827
9.163481606633647	10.319668203308868	1.1486838287490058
9.438841102566373	9.52966377821571	1.6964704261871693
9.968921228174986	10.190203137874477	1.1647723776893921
9.54484734112391	9.335710121138135	1.4647774154306676
10.274068453706729	9.964416946680734	1.7348964567432856
10.1421323367195	10.951714299688463	1.6463707668093017
9.90038127948765	10.084474412426884	1.2111106098114157
9.980576063538297	10.107004281678783	0.2145860483466394
9.567264045917478	9.763344966858993	1.0578365754308625
9.817374541034841	9.429669287232095	0.14893323565389424
9.587005653173653	10.209966662269885	-0.43250135397307793
9.97887746904553	11.120606548500902	-0.30146136950096336
10.822175620648325	11.237711622835038	0.22307140265776773
11.124705355356001	11.259994317626779	-0.7298080446651951
10.20597388011435	11.190909977058363	-0.34101525886724443
10.193681798750895	10.416157207815182	0.2911295435995606
9.22440811362054	10.643178231349228	0.38583951238517467
10.136805029182836	10.267943290507397	0.5493344898121172
9.477841418154393	10.97579514147975	0.29494754750699265
9.318444582253623	11.634013885036804	-0.4408110639513112
9.334329901342485	10.692099681697952	-0.10533335949690482
9.363967156982927	10.795720873981457	0.8888418170126341
8.84839704381352	11.560949650987418	0.5033390579454071
8.254385954148821	12.219871670342075	0.9648286003674943
9.245592519981798	12.351421315234719	0.9505375269921972
9.295400429310416	12.586478418322322	-0.020167026647259282
8.599075476221747	11.999341658086776	-0.43296477916801757
8.50674336549408	11.043761213699563	-0.15307052121810194
7.668303227554247	10.534389369161243	-0.34687057045200215
8.441895176000648	9.950955780062198	-0.09956358630100068
8.639219388776485	10.375142557564846	0.7842512884574369
8.69134055854494	9.962005647503045	-0.12492486455502595
9.383047446260484	10.574972747939263	0.2569297089015303
9.394498939784546	11.145306155083068	1.0782631783229202
8.861183106582853	10.718851094742876	1.8088179699482103
8.865236848722327	11.322889709787766	1.0118732298881954
9.804280049525294	11.33455628784429	0.6682720686821321
9.086319112252992	10.996387093718312	1.276691076188691
9.734354356638583	11.11999002921358	2.028204639852752
10.442940433285647	11.301968819958542	2.709959355055315
11.234548565926247	11.912408142239421	2.7367995888551424
12.013332568894022	11.558348412551869	3.2546192336496125
11.260093110383742	12.204046261436117	3.1293012138381138
11.059556855722567	11.237539700281149	3.289458254928849
10.4019999891829	11.662143292122941	3.9118172807826177
9.624099984553148	12.287072952510337	3.9776542184779524
10.357362417395569	12.938641393616821	4.172037271072868
10.683768038310342	12.865573273368105	3.2296358595509007
9.862496036145046	13.411371585985682	3.395817989767359
9.03268248761567	12.946825785788763	3.705021279200838
8.35774694796087	12.519789462504813	3.1032721654441278
9.068415407085968	12.954989077010863	2.550504911766281
8.315120348798597	13.048364828584685	3.2015252833199264
8.463376037725753	12.134640714388556	3.5798485496374806
8.598398586803667	13.091076437124478	3.321005702498283
7.64493193960353	13.296588431591816	3.5416098112699044
6.8636520592865455	13.206997819068274	2.9238920191030098
7.2605232650848155	12.417243475072182	3.3916326760353446
7.61961908689678	11.896516121109363	4.16616041187963
7.7000354264657505	12.892838398502171	4.1365777835127835
7.547730212955481	11.905922649823406	4.083658723171189
6.856396808180985	11.880410273923152	3.3615733804873624
7.63673220244167	12.458139786686749	3.1221881625938184
6.956612703312427	11.88871031417287	3.583910528022149
6.082286242143485	12.201890246195909	3.2131389413574567
6.080868061593632	13.20102131255964	3.1714843978982463
5.219394732466129	12.729106966650555	2.983972922710209
4.885070439522129	13.45147731871311	2.378656194370016
4.508977806173255	14.377078457459307	2.4212808714063705
5.479089623609243	14.230477142579272	2.227913045368944
4.839683324450837	14.895357107580994	2.6140402481607845
4.039344516513755	15.465716955771128	2.4292499992774976
4.834981509057589	16.071317982051365	2.443712815882013
4.500458267869201	16.892444247174016	1.9812781093227165
4.107393191844916	17.752416428011987	2.306774183330954
5.045927721351948	17.435826266039328	2.169211084117266
5.289154960857154	17.09201996791503	1.2622172917830738
6.2511038793928835	17.170116911071144	1.5240476674036787
6.079313247346964	17.214762398226277	2.5081689806663663
5.6591922502423	18.121599566591346	2.542002364527454
4.811130635089022	18.61325752849568	2.7396483748584104
4.500987568925878	18.58026187870955	1.789531242286834
3.7856241411579923	18.36319554002915	2.4537129725565627
3.784786313004969	18.014672611592825	1.5164130918363277
4.314154011642885	18.54123052742719	0.8512013955237715
3.871163368043791	17.782753712358147	1.329189063446791
3.66524189929982	18.439441320330097	0.6036839054731026
4.1589312236439255	18.345867351176526	1.4682732665720617
4.5230985705479485	19.00800751790972	2.1232179535856814
5.477477081016428	19.290295500604476	2.025877553020732
4.602217927104878	18.936409720561766	2.355553557876258
5.253219546166969	19.68806672806031	2.2496827164855673
5.510259971814914	20.61220480472297	2.532346889746025
4.7791236454223585	20.7275161871047	3.204762651996168
5.503108275633236	20.14432204419137	2.8363459763555965
6.356443448008328	20.638716222448384	2.67083621805361
7.004982048811694	20.546462339878648	3.4264068000768426
6.26447760354222	20.464734456156314	4.093470304968591
6.2472414605247995	19.678844318192866	4.7115961873143
5.658082365723823	19.68535042357132	3.9036053262236554
5.8634323162801225	19.574046991499785	2.9312664224377367
4.975101372650442	19.153010954988485	3.114560695531018
4.438135558176141	18.324177509486073	3.2717320469362368
4.158867143341586	19.066141188237435	2.6622248263969577
3.9864833356955454	19.779418080878234	3.34157738382656
4.305617340996904	20.316702977662796	4.122268376696041
3.5668696547413874	20.706034515747433	3.5721112995764104
4.1248654931767215	21.421672737138877	3.1519891978339185
4.200026825171623	20.425644372090225	3.1042579691545633
3.4843920468603278	19.800495377665783	3.4157954449763217
4.42814497427781	19.81363002571039	3.746185960899079
5.242756060732185	20.377998088599885	3.612404544342198
5.064351816096967	19.62459096075008	2.979514644595523
5.244685652823586	18.669961785823887	3.2165016605082806
5.765978464070124	19.103682241703506	2.481559233447316
5.436331246898973	18.163116925096677	2.5632268366182718
5.970988422419757	18.106536150502166	1.720054066297519
6.703294520584045	18.544779779821514	2.2412740773795963
6.816422743480058	18.67695499201883	3.226023648826608
5.888957100781657	19.0331025465225	3.1121535428506584
6.360502470117534	19.428995953663893	2.3241729752984943
5.391658590982394	19.644294904957192	2.2017478984784837
5.724891265060201	19.771852926235134	3.1359239718900285
5.274266702505583	18.902955858723033	3.3407541202846684
4.875287614734442	19.819104134203638	3.3021791950704618
4.847462309319626	19.835544393875807	2.3027015964018367
4.1844706010287505	19.79075457763339	1.5554159300742754
4.900769795239027	20.381652552628395	1.9265696011063271
3.913856885970959	20.34138082349054	1.7704251252118155
3.9017311842890336	20.85104040791826	2.630715817570879
4.095214700335151	21.82675872305119	2.7333700845675266
4.583045497095352	20.981368384003233	2.95093912734848
4.9042537491870455	20.823925290197565	3.8847683039118914
5.6085628659156335	21.438402679750407	4.240248550650489
5.212060556822639	21.999415407960406	3.5135776226024644
5.712394198916791	22.274338967711504	2.692551872164192
5.211578812982439	22.506287241757246	1.8586550275973788
5.247040773641276	21.673740672760182	2.4114738584973323
5.465580287453629	20.713738479787626	2.2364416603435395
5.2633621988068535	20.93734779218816	3.189912540880392
4.776008374863659	20.827061470668635	2.3237005705327243
5.754354082975912	21.03045041522387	2.285325935015457
5.343384838827109	21.918393326037013	2.0787789246268074
4.651675415209902	22.38065291785076	1.5239328711530882
5.49789222637374	21.906913092249766	1.2800318950515794
5.540964010238899	22.04753028615821	0.29090519628534395
4.701970840967238	21.504643349136167	0.3278407553890457
3.730663718590467	21.364561287953507	0.5200372437931446
4.287982194474931	20.597534728799754	0.8379466239483684
3.394127093092364	20.33735023399775	1.2030864415483589
3.5636282522211666	20.881267497254754	0.3812449922498614
3.6717369754442504	21.117529210974883	-0.5844117307077095
4.472097386562565	20.72006018913085	-1.033234177772057
4.675347324980505	21.025362743107948	-1.9635458530014454
5.350714617631181	21.209367001483624	-2.677703715744252
4.519251334040742	21.67774787891846	-2.37889246814074
4.795778208078341	22.613347971012555	-2.598404097920169
5.338971962738626	23.418486008244795	-2.836507617213519
5.799316984685627	23.978200637885823	-3.5255663912919646
5.906712777900352	22.989694026492327	-3.419167035884343
5.9224479197474285	21.990829431157678	-3.464132861772757
6.241291720109071	22.59554950416121	-4.193963160046056
5.496454133367205	23.162235066414638	-3.841706942343365
5.6356393055576905	22.418232500818316	-4.495226391348765
6.53449044072463	22.818816200841972	-4.317464370420419
6.779826200376516	22.087878141974976	-3.680644208101577
6.089816007011448	22.157560912049146	-4.401081745024142
5.1518644006997185	22.088459799936036	-4.740893193510056
6.015992092029026	22.051600306883145	-4.238972172980174
6.4989060710947575	21.23672146995974	-4.559544426859382
7.478927471574457	21.257449863110057	-4.7573533961183285
7.09349887066595	20.50507844242181	-5.291565001133869
7.977246231531968	20.729705384577578	-4.881036879051979
7.430263558086443	21.47859686120041	-4.506909212082513
6.803713535586245	21.546405551264407	-5.283335030082491
6.63566175556753	20.56243923013883	-5.343075118156708
5.829228332682879	21.089119307457988	-5.611911928526123
5.1106631372389	20.621457453222565	-6.126651134328007
5.596977920452341	20.3738995224172	-5.288669629446558
5.429603780970923	20.41875868611632	-4.303797275857015
6.229120724600763	20.986017790833316	-4.501255537179434
7.074498035314572	21.188937033903233	-4.0071290520340055
6.355839600400141	21.875294145175655	-3.8955765095609567
6.062032304053326	22.349165310356057	-4.725711071800074
5.6482363048860895	22.626010457684608	-3.8584569939926214
5.638675257375901	23.292146888237433	-3.1126883688408387
5.064437614909564	22.907072185546426	-3.8351623153068317
5.494384313779675	23.79030088099492	-3.6479380976768576
6.3849693652383746	24.144359278813717	-3.9334217522917783
5.40759457173529	23.95146413112044	-4.020197180964305
5.940451875654415	23.10571121741568	-4.0478576693908686
6.767209445782263	22.547147331012784	-4.1147778086831295
6.590884786517388	21.8986886641716	-4.8553255599684455
7.243038150389877	21.67932223344981	-4.129671124949844
6.711422720587013	20.980333697092508	-3.6513406316329555
5.924993227682251	20.71101168793927	-3.0954680670327646
5.65787827313826	21.664345661473856	-2.954741609094508
6.63925348679812	21.754875384382565	-2.7853100320962865
5.643875336476042	21.70670365149757	-2.7022328269669638
6.60239436844529	21.425501860629762	-2.6556837328240173
5.878658481327628	21.954436501860766	-2.2124744019161056
5.190746782275835	22.492812047393407	-1.7257205973287053
4.586783013192342	23.23967389723088	-1.4474668590037583
5.297190600593062	22.70391509417096	-1.9038478015367526
5.793562314232249	22.05908158675661	-1.322637968847459
6.323205215295498	22.907082463945848	-1.303327100414089
5.430675162678987	22.543364167081766	-1.0366829448385875
4.805795083317238	22.6529805131369	-1.8096701006790838
5.056789729919568	22.17454278593806	-2.6511563029245924
5.194608572221838	22.60555823360076	-3.5429139216656
4.430724093190537	21.98936324136222	-3.7347060858305885
4.434258737674262	21.651428237046858	-2.793543273588857
3.952464791605164	21.12509741380832	-2.092936066917221
3.6604706832186684	21.762162508895983	-1.3795725513877697
3.222492283955817	22.10989202069888	-0.5505616296259125
2.6282782324602265	21.923203624043975	-1.3329024144246127
3.4541251906097328	21.862959790686485	-1.8935694120779314
2.896321140603696	21.06538301088687	-1.663948154086952
3.1276289394995116	22.031481525840533	-1.7786231800266321
3.8030397082222303	22.554606730191466	-2.2983926616876933
3.2505806329543128	22.483566262460087	-3.1288998694218826
2.768861181307939	21.93398514775906	-2.446326087132126
2.9742127563521485	21.143541612658925	-3.0234133842070676
2.4175887465824264	20.39221123499063	-3.3779163818539946
1.5049214147558478	20.800177982250062	-3.402441359879937
1.9318052097499587	20.85225698257422	-2.4996357311332305
2.0817417077202034	21.358063428638424	-1.650118876858775
1.1433413071053276	21.15396494127139	-1.9289530490477707
1.1110546947547262	20.494168041970923	-2.6797030915628532
0.3125219506750445	20.709825912353313	-3.2416969879484716
-0.27096615793710044	20.47705547191839	-4.019745539883324
0.5503150315705158	20.34259399548635	-3.465293270416779
1.188565718201908	20.65630281438726	-4.168303112423481
1.0434339208673236	20.412269037016255	-3.2094578293332097
1.0907345909348511	20.019431028620087	-4.127848239654777
1.2012433760391055	19.30701705864402	-4.820851950898588
0.34884204161317506	19.797821737619003	-4.640511350463756
-0.4098073182861952	19.357530557434774	-4.160308450247312
-0.623003529359802	19.230709404037487	-5.129051847971829
-0.5101188551543835	18.28043284264757	-4.838825199983792
-0.6248188083511569	18.825826457213658	-4.008530236776577
0.15044127680654537	18.908177758787556	-3.38227943758317
-0.18830004994851482	18.955190762429975	-4.321983694802845
-0.8148538011154461	19.394536070766257	-4.965727507931553
-0.12214288411689077	20.08436765886793	-4.755289950618116
-0.3525958905192012	19.11272555718226	-4.702346225097525
-0.21735495887770656	19.65694335780889	-3.8743746821748277
-0.6881368677037673	20.011084626817155	-3.066322483423233
-1.038949689133074	20.838941639831667	-3.5040245856840193
-0.5752869005537865	21.657131569890375	-3.843998197656229
0.3112359663153444	21.19854054677177	-3.782585820782664
1.1920113504372891	21.416028783322066	-3.3619510746109253
0.6038356038517784	20.904496428917916	-3.988356647324283
0.17906901011060203	20.171679220904146	-4.519913117024683
0.7867656156870989	20.521274128862547	-3.8068295062885955
1.423097925130282	21.142968428549462	-3.3501267696036523
1.0684610366148324	20.950185684470256	-4.265040695002879
0.16086014550783256	21.209391179495615	-4.595302914777545
1.0413278664002	21.06802066536393	-4.142764551541074
0.7207117514095929	20.203595770386496	-3.755498612228518
1.4355339530598787	20.090993085255814	-4.445679643066848
1.9895768039708277	19.807459885815224	-5.228396350547526
1.7083194175953664	18.939452922745918	-4.819179788477372
1.5318344641481263	19.154499644089537	-5.77970462878398
1.3246683601422846	20.012756127305476	-6.249255493301162
1.357373906636201	20.611295545671865	-7.049680950098995
2.353833967621057	20.660515919517753	-6.981528901995822
2.4370488992862085	20.643857917723842	-7.977921287617151
1.663442267518117	20.56114906962614	-7.349676092067808
1.4744731197924434	21.016437657961646	-6.47961692020685
1.6312895646202508	21.875380293423998	-6.967086049092508
1.3226709169880317	20.972252442605445	-6.668565337232136
1.91869720432629	20.180899052201728	-6.5325047760898896
1.2851068501733434	19.88048861628582	-7.245468192484549
1.6312318614545818	20.024164995357058	-6.318346531286622
0.6648066147943859	20.05817578194333	-6.063659450708126
1.6533238213198138	20.174253968913906	-5.966914492633828
2.203293897124948	19.411869789818034	-6.3079471584932225
2.661347501313099	19.769240948151023	-7.12187144912593
2.7608534869612695	18.81808546288906	-7.414107315638298
2.9241732886003624	19.772691012368036	-7.16499913171705
3.0665484377351517	19.24023863176804	-6.330598880457331
4.027914544052971	19.50525989991428	-6.256174845002594
4.895028365590831	19.0242174892897	-6.126900641549334
4.3565204964513455	18.23226464338596	-5.839116061108059
3.4989345868132404	17.72863156190021	-5.734712388647269
2.5619646570893826	18.076847003454144	-5.763580313004745
2.7790123161427913	17.236864470447625	-6.260892747942252
1.9839388723469176	17.59137525527462	-5.768774548307295
1.086695946377839	17.86167651942483	-6.117905409729191
0.9135997499483273	17.30637698846032	-5.30446817324917
1.2559669655141898	16.367750093806038	-5.26246528837945
1.0971120328791781	16.988587686739052	-4.494789710040021
1.1264120871194956	17.97532777877014	-4.335147931047013
0.933108062609588	17.260940085547897	-5.007668397561458
1.5543053761594614	17.92104108058559	-5.430019642366848
2.139430782477893	17.785518651778176	-6.22955821565196
3.1032128360464273	18.044518585852135	-6.293144278345584
2.8396478739424644	17.14154836616906	-5.953765002141884
1.8417985568289812	17.101567835942955	-6.005710141847896
1.3190076769807553	17.63180178656026	-6.673199208095641
1.0258152701760845	18.54163503656744	-6.96686852854544
0.4687428889841219	18.629832523047405	-7.792635787215685
1.0396252072233698	19.4364737232979	-7.639588889892639
1.8843606669044175	19.750315295126057	-7.206085174856796
1.5522420436317126	19.76304912347956	-8.149236843302006
1.1696788001333973	19.207406901280454	-8.88741506408182
1.8126539351623936	19.828430819652333	-9.335647446384334
1.234918060276768	20.279345599986	-8.655282015349819
0.4772600766635752	19.847743490572377	-9.144847127481862
0.35678182313934	19.13917950373173	-9.840132728497842
-0.47173949711739943	18.616558108786293	-9.63908721269298
-0.2092632115429488	17.661005699008868	-9.773347376850543
-0.7373798966519465	17.773716426710518	-10.615005893572395
-0.6537551999331318	16.866680580036316	-10.202340311112826
-1.2084352575704844	17.166817251064796	-9.426293912781327
-1.6252571080262062	17.257724257790795	-10.330724927901175
-0.6371804242384905	17.410931261094007	-10.345959135917786
-0.5824352921196286	16.412762589685336	-10.371693819277295
-0.1719883046052736	17.244856578411053	-10.744725807673678
-1.1081610973369023	16.914702609314222	-10.865468752969493
-0.7100621695355354	16.484465242284355	-11.67566197171102
-1.2344394933489142	17.165847199548878	-12.186295940992931
-0.33625170388315395	17.55475839960403	-11.981340401115878
-0.3184703712142534	17.312151460377926	-11.01137870225978
0.16500474639763593	16.848906215128405	-10.268643451040417
0.585508799288546	17.258486095692522	-9.459062903510127
0.09316901171272784	16.583735776834008	-10.008893368990318
-0.08944004179681722	15.775037886860062	-10.56805493448641
-0.809525553504262	16.17293918415017	-11.136519017295377
-0.5590001672993978	15.838878666122675	-10.227871340160757
0.34688253401547675	15.480809615323647	-10.00167875337173
-0.007363931962478149	15.733344533765818	-9.101270203706923
-0.672913738758619	15.50821804564802	-8.389679366904291
-1.1927962194894823	15.983656303117861	-9.099384002342932
-0.8570845139459673	15.125346598664365	-8.711309135852016
0.021860493815400006	15.39200929061225	-9.106716118661462
0.8102132727151319	15.931187669643682	-8.810428131078208
0.37832468312069606	16.44268966403587	-9.553286095907866
0.25196666492507414	16.933472499228266	-8.691215414398398
0.29718306472553996	16.01678598358258	-8.29417472476765
-0.5381856680411949	15.809605441860732	-7.785023172233893
0.1172391000309297	16.337537098410277	-8.325121810827232
0.07976418742591798	15.991116526808709	-9.262452285364608
-0.872725030484732	16.022325674851015	-8.959483179938912
-1.6638831995684358	15.432159895602524	-8.798943139774007
-1.7986752777769714	15.708686179994308	-9.750449476953504
-1.3285031622813677	14.967635513014692	-10.229805389381337
-1.7053491884922523	15.664623835829472	-10.83988272086392
-2.206192938676629	16.385837463755294	-10.36133654671206
-2.9873881337885337	16.978498565057674	-10.557517295352664
-2.448362517124213	17.177410800453416	-11.375982509756733
-2.1741845745617994	16.284801953104676	-11.018105573580335
-1.4272301242559444	16.791979501708656	-10.588186995986499
-2.3740663923642935	16.92940983781867	-10.879071825620729
-3.0991103757437033	17.58593535496831	-10.67102022746105
-2.465402235908439	17.445880125463162	-9.910232132000324
-1.9977670502250593	17.052544903614752	-9.118648443206537
-1.2017357573696756	16.747597876810733	-8.59582773623479
-0.41417781494593936	17.231856369776235	-8.976939529959424
-1.3859527952138577	16.99613825291797	-8.986445165663234
-1.7043764970218156	17.503979051872946	-8.186005243468173
-1.7661750520399921	16.63484572152818	-8.6767069784167
-2.7101462496615443	16.521448987773415	-8.366772212966652
-2.290935302244319	17.17642016131763	-7.738063263299463
-1.5438417585681496	17.31390492696242	-8.388408691678084
-2.011119462447292	18.104338784549196	-8.784471646570273
-2.870961768845277	17.59418951951685	-8.764003732286277
-2.9249512821439954	18.575033810329305	-8.951165719971964
-2.5880843549625805	19.466670642122214	-9.253662717579536
-3.465409197998371	19.571581561186147	-8.7853734705821
-4.312256016832107	19.991209632781064	-8.45862777901024
-4.906409005671966	20.399202170765765	-7.765429167642962
-5.575294815046177	20.839729589610773	-8.364200716118273
-4.582915350724205	20.856851627191414	-8.242176806079097
-3.7376867119662003	21.319051890929583	-7.973924193000327
-4.3976625820065465	21.04493523582269	-7.274430154171342
-4.5616820127636855	21.59828373510538	-6.457788822449867
-4.198639159419162	22.260497847046995	-7.113282801507637
-3.3066923612826913	21.835470712987515	-7.267499676742326
-3.9273557825503014	21.28332415890209	-7.824196273024497
-4.767558728752999	20.79040357411925	-8.050223497689663
-4.371049995245487	20.985357716672272	-7.153131692714402
-4.707516275154891	20.546965475830714	-6.3197034200634645
-3.9447036614404998	20.932289369439665	-6.8389744604386395
-3.5255270104212793	20.1825160913308	-6.326987188454106
-2.7243074992406835	19.74378590751003	-5.92009270494752
-2.4487398115038532	18.782507549678073	-5.917569167861876
-3.1234972752870416	19.440433380136568	-6.251988017038009
-4.122371479376299	19.45776160824435	-6.296147465807821
-3.759506552700449	19.23925695074949	-5.390286130038591
-4.510650310272993	18.799839882074217	-4.897644581631743
-4.589052884707404	18.730721684377286	-3.903121725650406
-3.614964961061908	18.506615892954027	-3.9336063325623063
-3.5466290433148058	18.962903331631	-4.8208109175658596
-4.4173108334037705	19.407978826782937	-4.611476199894014
-3.7798685001334325	19.343742535031822	-3.8436604859514913
-4.709799514484533	19.264526859182553	-3.484559963468288
-4.241937332759088	19.50959674477733	-2.635415847263262
-5.221575495065646	19.397177199876673	-2.4690700722134187
-5.563325684191004	20.007389530524517	-1.754333953244998
-5.011082797958646	20.087927735324122	-2.5841178963129403
-4.191719097088517	19.680242212403336	-2.1810848454384355
-5.080687270838355	19.52647712234059	-1.74970116107172
-5.091440631375844	20.514031891828292	-1.5927937281718165
-5.871820031573406	21.069886082163062	-1.3063777529982818
-6.1437953390828195	21.548524087912956	-0.4715513689177324
-5.9438214656440245	21.25493759787285	0.4632306499550071
-5.470372204734017	20.37873202304182	0.3731773991598027
-5.160697901381078	19.546296230067373	0.8326907030127745
-5.958858689715153	19.843872592673208	1.3565109626287437
-6.625155231208862	19.9697618164934	2.091494514906975
-5.738194312327883	20.39151169597082	2.2797161064916183
-5.387840907427182	19.45697980816115	2.2172449744279263
-5.45621955140099	18.464534961554406	2.1153745297837463
-5.590151631916087	19.056025618297404	1.3202638451651567
-6.207258769454221	19.593588408980906	0.7456291552341514
-5.71585963860932	19.833804960472097	-0.09152250521611267
-5.339361682767062	20.2414363786923	0.7403945075480134
-4.6371480973338395	20.87493184924821	0.4154644085756134
-5.017087070023264	20.123009986850192	0.9542221369466812
-4.908014028564605	21.084306281652797	1.2072290641756658
-5.250714747910137	20.60725044143481	0.39792446004079307
-4.738033441784347	21.20209376914936	1.0170523093761394
-4.33942492471187	21.195754776967163	1.9341515773375717
-4.173715937117741	21.54704130529174	1.0126645690471128
-4.402815869607622	21.154145118271163	1.903251907356926
-3.9120028596720244	21.841591175502813	1.3679758032064129
-4.125951630077658	21.88247212153437	0.39198672955166813
-3.136347081795628	22.020325483441336	0.3510076052263888
-3.9096511634532067	22.043262183781607	-0.282612710948255
-4.599204572114714	22.575735051749103	-0.7735187523469899
-5.311480477614723	23.15757743039776	-0.3809343909001183
-5.669812368368295	23.102474653981112	-1.3129010963677417
-5.7811996929251555	22.774052241218424	-2.250841170531925
-5.111981461390199	23.339428606487903	-2.7330201043065645
-5.861097059039427	23.95880318590551	-2.9679689322030702
-5.5235020191883875	24.831762912752513	-2.6158739104102318
-5.960053749817301	24.151510785523424	-2.027078844291938
-6.34286201857126	24.698877976647164	-1.2828698766928714
-6.399927900564793	25.014022739630065	-2.230196253121151
-6.079768760013407	24.231622649206944	-1.6960162991475243
-6.866899254805722	24.69114971468978	-1.284603537730557
-6.954919616092505	24.04998951261331	-0.5222610875992286
-7.694745333015406	23.38165084870415	-0.4449219713412611
-7.7477838669508285	22.805778026254874	-1.260738988988228
-8.573865289972211	22.71994766175534	-0.7037626599861039
-9.201196828611904	23.29634795140338	-1.2274207991587733
-8.792641719589907	22.666780179361766	-0.5665674543850056
-9.694321670465229	22.87484115628728	-0.9456240412824256
-8.856638214447296	22.364937078427804	-1.1412876784159725
-9.052766585975318	21.88967406631997	-0.2835821746421671
-9.794294174779768	22.084402342347225	-0.9256240218432097
-9.08103668651089	21.885366611682446	-0.2535760076752526
-8.828783583528077	21.17918908594615	-0.9151511539591183
-9.29336827707203	20.325477141982873	-1.1503892870473655
-8.511136843493096	19.754655813854008	-1.3999428798373312
-8.92478189945029	20.25438378486266	-0.6389108682413712
-9.33616355074312	19.359052206740625	-0.4681874012044074
-10.026823567235821	19.869269860865227	-0.9806975835792148
-10.438901376494115	19.727272435009233	-1.8807134779761854
-10.22952617223326	20.358708288222505	-2.6273397480186005
-10.256257828838136	19.699863318180782	-3.3791433952468335
-9.990270699987182	20.193553637129824	-2.551181610946565
-9.411055355159741	20.921513328965954	-2.918038901153809
-8.913516375868344	21.66738140459265	-3.360911092476145
-8.666118522778168	20.744797837815202	-3.0648809173273253
-9.354009720544374	20.25872011248717	-2.5258687236102446
-8.550792500623393	20.80771762791697	-2.294689516772023
-7.891683182118696	21.50431319814275	-2.011264892220895
-8.734252526978926	21.326712644913133	-1.5028015773255778
-8.461008463019834	20.911826341042666	-2.370676589278298
-7.634288844289996	20.51154779651073	-1.9753137700924726
-7.495510319995495	19.549622564381544	-2.2107715560920207
-7.791915634465349	20.482190703720224	-2.416831147095345
-6.814667101023838	20.64813152699268	-2.5489256097275526
-7.808126315400642	20.729819984576547	-2.469139738375968
-7.709511891551547	20.958645791378117	-3.4375993119000454
-8.016960413851814	20.557909009987306	-4.300666770547324
-7.066142410284493	20.787007750535565	-4.50913473252569
-7.409082424981079	21.71088092957777	-4.339280396795525
-8.188023661494292	21.39459171232763	-3.7977901557840936
-8.600456815551706	20.641775584574376	-4.310787983487809
-8.417540966073325	21.110040474851722	-3.4463403074870453
-9.060143013905213	21.867288279090147	-3.5631237442331765
-9.926703099737246	21.577589605881567	-3.9695081636982685
-9.063605608166482	21.085035152458918	-3.857915912811778
-8.477625183601306	21.573267827433956	-4.504642900893422
-7.756448342430133	21.053000350945922	-4.047230923932605
-6.986617360748116	20.798005401924325	-3.4621344911832774
-7.4725426288073855	20.24164501327911	-2.788087199216223
-6.8030320693684825	20.984136571821633	-2.7665954265368753
-7.466185223178472	20.251504381855515	-2.9198206490602345
-7.812619383692242	19.500623624694875	-3.4821030166969185
-8.792019352613822	19.337291506275033	-3.363366670244629
-9.2957739336564	18.478852875128936	-3.459878009654159
-8.493014782453233	18.679761249083075	-2.8984391702115784
-9.410477771797263	18.290185220175925	-2.9790132410085857
-8.918664148550455	18.470701929724708	-3.8307955357074808
-8.71077806725528	19.162458249714938	-4.522356502620227
-7.738594430482901	19.370045348150757	-4.413882667272804
-8.519724996428668	19.007253316562657	-3.905732117965443
-8.87538783896587	18.232443387713673	-4.42839215718352
-8.500893066228741	18.86307899643893	-5.108136516630784
-9.348610165524686	18.347591295621633	-5.233229081827166
-8.773452192936446	18.55365801011556	-6.024891772463676
-8.550874649789604	17.579792496640383	-5.979667896575177
-8.014766743204582	16.758417508209106	-5.784907939508504
-7.425435503567336	16.85090001686534	-4.98232730456882
-7.359153430976039	17.848547350305992	-4.999834015617191
-7.334825006419152	17.983462000332473	-4.009275503985092
-7.989850138572782	18.39058689550092	-3.3727290437944886
-8.71050575182218	18.924535593416024	-2.930513852867214
-8.921604796788987	19.723472327151352	-2.3673644155928164
-8.253911370496814	18.98452304035298	-2.277145570408376
-8.950948721825583	19.579265399717972	-2.677670796616969
-9.23992307393523	20.216578411118945	-1.9632997800423235
-9.03936672409763	20.135714840429536	-0.986960580032783
-8.917398061741949	20.26186467369202	-0.0024760118596636733
-9.252784732015735	19.655360094628413	0.7184039899281462
-10.180577559603101	19.322823083182282	0.549230690923982
-10.412448312447454	20.29551480791888	0.5388980918168764
-10.961524398983052	19.80765343399536	1.217504554376932
-10.330052677190567	19.43551156918745	0.5372443857402021
-10.448268298662995	19.045507633334907	-0.3759489108073707
-9.474649127117614	19.00894665290023	-0.6011799111358195
-8.833166999538612	18.263888433084457	-0.7839062887657061
-9.306353600972416	17.795858888786363	-0.03755329862788847
-9.627981639367613	17.168101551149967	0.6713022084832327
-9.219296436030474	16.897959533699623	1.5430818222510008
-9.806290659440174	16.168374301931156	1.1921642090294942
-10.656652919909225	15.85617543937741	0.7685890726131029
-9.794990259711303	15.940644221106316	1.2689913956831047
-9.334789566841065	16.688667826938772	0.7907905933007263
-9.018065868646744	15.947395985984858	0.19901178596559976
-8.363457276856971	16.173826389341297	0.9202723935068844
-9.284064948985407	16.27748106973459	0.5437923525342538
-9.950118839173363	15.631433015071279	0.17097319204071834
-9.832327735942966	16.42705488364144	-0.423258327026372
-9.23906033410274	15.63625167387686	-0.27271240931428
-8.624930238925762	15.553549213883139	-1.0575719695598684
-8.345427991886805	14.599066950317338	-1.1616973864305797
-7.461679861798135	14.141405993523664	-1.259348250182594
-6.707052553772245	13.485979078286846	-1.2284745596874311
-6.976294776254475	12.539685965930571	-1.4074660989844021
-6.0979697001001965	12.63236491588456	-0.9384717783002133
-6.691840492006048	12.966240545676042	-0.20645774404099468
-6.971415315242112	13.834723824120676	-0.615816649250845
-6.71595421818237	13.128686330233606	0.044676110069564186
-7.00703217537043	13.755947550304562	0.7670451187032087
-6.683427786621538	14.303768939974379	1.5385189838488273
-6.133770003253036	14.334705787161413	2.373335869560054
-6.184681014458628	14.4330234211888	1.3794839128898075
-6.741400624495952	15.25354068601591	1.5091553974981164
-7.739321422363234	15.195930089073826	1.480257295416957
-7.038726573257786	15.893850216300368	1.6288316990637801
-7.200839651065617	16.264531427592367	2.543334181071752
-7.623694203776624	15.737539093487941	1.806127895798246
-7.341972788523837	16.687701129687685	1.6726170379901908
-7.203308576358853	16.17988097208134	2.522846962065629
-6.339618658695762	15.685461554170688	2.6207712456727204
-6.956957169077293	16.469908625799324	2.6802351457569973
-6.930859654915622	16.073940653816415	3.5981285409387405
-6.00503794197696	16.330681623086207	3.8755059562949055
-5.715185925049361	16.34480509951299	4.832473215764454
-5.84745143752266	16.400773253220304	3.842840253509889
-6.491776621635636	15.716387851607442	4.184105076157803
-7.4128613264887395	15.33923528300386	4.280846517543846
-7.166249395385579	14.579220325299806	4.882144962164955
-7.357254698346955	15.559751792827607	4.927697299409481
-6.7886107510506	16.22321193460152	4.4414209361338735
-7.038222734068114	17.12886906054356	4.098668798045016
-6.962632277370776	16.145531652425426	3.9333399601133476
-6.756672884248615	15.725953795524207	4.817384727295932
-6.6960536272505395	14.808216807323092	4.424849217859475
-6.814574704004969	15.798056112566758	4.50340432055624
-6.668060561731031	16.528988781028563	3.836867719693929
-7.574149679289821	16.949797995632427	3.880709662465481
-7.330657777162288	16.010191928947343	4.121234366075938
-7.854205267684821	15.355624983097767	4.666615094162936
-6.9180318362559845	15.08500360500517	4.890988390270088
-6.506434975048047	15.019582307279201	3.981973496196487
-5.773559663718552	14.981257812784166	3.3026907780552097
-5.6502777673347655	15.970216419165224	3.3849248883063927
-4.68279159307892	15.904055111628459	3.140807736084661
-4.307044350273363	15.13482261324059	2.623995030215347
-4.269562400346089	15.437216010299407	3.5764410060296696
-3.6052164756026914	16.103709940232815	3.2381654768546184
-4.15017848088388	15.74162679868013	2.4819167007212064
-4.60886572700263	15.789881011092922	1.5946300834252733
-5.047357044037415	16.480577718606543	1.0195966729915578
-4.802881674239564	15.578292542557953	1.3747209535541156
-4.112658197713315	16.042102833937136	0.8193187874953451
-4.138510780473604	16.462896203529315	1.7261068465652774
-4.117373213549721	16.17930999455475	0.7673930908780052
-4.094142726271424	15.621838943631944	1.5972643892392824
-4.721865410110269	14.852759013058744	1.7175984766112526
-3.7520444706815237	14.997135671863035	1.9140742406078874
-4.2743774731406	15.309047575072832	2.7077235329140543
-3.7327088328558586	14.940608989964712	1.952178634754092
-4.457400960775416	15.577279041487891	1.688602146377603
-4.484254353479472	14.659747676180922	1.291846441972222
-3.8195856152335472	14.028265371389578	1.6911527994648377
-4.221211910892002	14.669413324157619	1.0372218999830956
-5.195392849686774	14.478602662944667	0.9165455143213148
-4.752709695800526	15.338968543981693	0.6639545880932852
-4.169827070400437	15.314312354120917	1.476136782744358
-4.247078386245043	15.990821661952575	2.2085078571440735
-4.906356358920762	15.240168866466515	2.165230433774926
-5.06382615051969	15.974973619450019	2.8249767787641504
-5.262676019455084	15.050371863723694	2.5000609082189422
-5.591919920914886	15.03734192963421	1.5559059028468778
-5.0910287552873985	14.299719589385045	2.008698706855149
-5.010943115184742	13.320222793775015	1.823841146449717
-5.145750208531083	14.240914322114948	1.4575705398940917
-5.592896672804499	14.918615495284314	0.873805896075522
-6.519734056092322	15.060433874527597	0.5261566299336314
-5.5588544089155265	14.875075952310356	0.3203588060562311
-5.178609120168961	15.738094809361629	-0.012224977011967756
-5.173917518330133	16.308881700248033	0.8088598627362994
-5.5936867552224445	15.681913478459897	1.46514077562843
-5.080630523900568	15.427550624663677	0.6453402864175513
-4.226586110069458	15.352900730828377	1.1601563045777095
-4.176353022146035	15.529366526755402	0.1771321646170071
-3.4382586151517525	15.53855842507266	0.8517669957435398
-4.246179338031754	14.954008336455663	0.7771660611717968
-4.375377641779109	15.655825059902801	1.4777094823804504
-4.022736847401214	14.892307649829004	2.0187137657782204
-4.6929926571513	14.517220063734394	1.3783494536449168
-4.804093477416312	13.736401203248846	1.9931490265517806
-5.378087444789863	12.94100806384014	1.7985194316789572
-6.018325477460649	12.31625326318106	2.2454833011083224
-6.70584565860563	13.023450877111472	2.4103697328409814
-5.829309016083745	12.570591733123164	2.5734712657051215
-4.868514890753094	12.38402889878583	2.778578451279208
-4.439997657034539	12.374774469767814	1.8750922389052946
-5.422323128107972	12.37822765568699	2.0622412287165632
-5.371606496904019	12.456148587050945	3.0579099245058066
-5.6902080307829515	11.563359040379423	2.739445031677661
-4.828904809957432	11.091578452428852	2.5508188441304642
-5.1211679736214535	10.42355480405513	3.2351627988626945
-5.307151196296542	9.526021462248279	2.8353576697954685
-5.995733007324223	9.317873907351737	2.1407141029840946
-5.068893972897272	9.388832633989486	2.509406743779224
-4.266998487003667	9.023273823482773	2.03682829974648
-5.1908340091943215	8.843550968439397	2.3748040730110223
-5.76044454681786	8.17174993113444	1.901277725587549
-6.727250150220143	7.945439161468379	1.7826591740742996
-7.198750434282958	7.192939119357563	1.322842722920263
-7.19059900953284	7.020595194653479	2.307845832505276
-6.790698984163039	7.811115983854192	1.8439958011905435
-7.607769147647065	8.179380778250568	1.4003998260595996
-8.13575491451268	7.634035761755556	0.7493776736166881
-7.7840538752982145	8.558164551190867	0.6000714126888281
-7.196969125702959	7.75083776495684	0.6596948730187894
-8.11917935422175	7.920920480409723	0.3124195293511018
-8.359610140314082	7.015498057269421	-0.0374422616089608
-8.129159626628812	7.949552016193102	-0.3102714436280205
-8.236433470792944	7.111552958355059	-0.8452947154777823
-7.624728986933168	6.843128783763173	-0.10114010323614424
-8.104517841537735	7.68929922478366	0.13080437231877465
-8.166191121478926	7.737077932999608	1.1277565284338615
-7.977419908010996	7.183526647833431	0.31661757384179506
-7.296767818334546	7.794457437842075	0.7209396022282013
-7.745160269055119	6.951478696361529	1.018145005188243
-7.390812875999709	7.611240715367329	0.355459556945852
-8.060237732274118	7.371117051012452	-0.3475418567218573
-7.697225779317987	7.161978032914648	-1.255552425559056
-7.201136885364506	7.979713765143724	-0.963655043707488
-6.890930512418256	7.21647690633018	-0.3968733365821015
-6.773920493310907	8.102176688071246	-0.8461444708121388
-6.72641467935484	8.910878707425407	-0.2598474116920471
-7.099661607051235	8.485338886202236	0.5645327139287464
-6.198466992955608	8.13060933239999	0.8135612488083805
-5.66547260815351	7.4983765842101695	0.2512457342742515
-6.361740589881308	7.085731222969303	-0.33606568521892866
-6.335236240883044	6.353948391831152	0.34495664006534105
-6.02301532848126	7.026789249744361	-0.32571711205383125
-5.16180900804472	7.397704094091102	0.021767926305230487
-4.95827167844174	8.266633326972796	-0.42938010228598555
-4.1305616899418105	7.837234768682635	-0.06811419872497337
-3.2903090834006927	7.901149583739048	0.4703005611183933
-3.2959104483009987	8.753948131689452	-0.05190941707518223
-2.7311419739244593	7.961501462362466	0.17844866640132115
-2.1998439030440875	7.655347504354228	0.9683803810923288
-2.0630511054267693	8.645712418418737	0.9899458050397634
-1.1759071042571845	8.373362000111413	1.3625055597592244
-0.43820064299064376	8.57520389107921	0.7182625713952471
-0.9246535027268186	7.798376410866755	0.3183842383472008
-0.14982737034244312	7.189288213548701	0.4876651659855502
0.10146597001927612	7.859949371109184	-0.21023544930969762
1.0258967449215097	7.532521707200388	-0.01473898560539628
0.9074792542370419	8.50489578720195	0.18642250782986758
1.2860254802371058	8.331560374681837	1.0956296291985907
0.46821987708482266	8.762193929328882	0.713859099868732
0.7701937637495373	7.928812102446841	0.2509481987275614
0.4064785671528809	7.008224179837683	0.10871904380210436
0.18752791876362654	7.9832684948260315	0.14545046602927375
0.9434016673117355	7.458949421514132	0.5375529852983999
0.9112141110884578	7.563631139542834	-0.4564317727009009
0.9691651675684195	7.33792663928248	-1.42890241679
1.0548524894327338	7.988776522646217	-0.6745469884956615
0.46311446173695525	7.304728461155224	-0.24802107351613803
1.4134415414780597	7.2715096344782895	0.06145420993142097
1.5889247934973298	8.124752823264982	0.5525567339015718
2.1490342565315603	8.95269672641851	0.5805974658894019
1.8334936218534201	8.194034385438268	0.010627677001172127
2.8187588505585	8.114343310051071	0.1619609569113475
2.4513500381731026	7.9768897511693355	1.0818072939330978
1.9315716698721768	8.075438012169762	1.9304053661087466
1.1121437941538437	8.021421278613248	2.501036726087861
0.5602341735199327	8.558555469449251	3.1389102493561336
0.7994046509448148	8.354222903792685	4.088144511980788
-0.031188896410631675	7.827369892802984	3.9077553108002046
-0.2614294471995864	7.075215882877817	3.290297916216665
-0.670477670333236	6.409876051024138	3.9147996850693505
-0.2812181080346961	6.740683508406339	3.0551233394022947
-0.29857855930767613	7.721337657838317	3.2501003994207696
-0.4727704727062759	7.775250981918041	4.233335127648567
-1.1633336401291072	8.304781396306538	4.7260013960661365
-1.004710777647654	9.02492543009951	4.050552391262248
-1.9783760842325822	9.063407338123401	3.8258414357934143
-2.8880950392572013	9.357624440275321	3.5328436206646727
-3.8752980461281945	9.365122309025413	3.3735514200109926
-3.7863993610576894	9.73143295399147	2.4473152000447986
-3.419583438454409	10.631909920616009	2.680954476501833
-2.7421277765607623	11.340889348711967	2.4849902024491732
-2.6145887028388497	12.332656614125614	2.4964564977582175
-2.439287540814304	13.199584928685075	2.029868028110795
-2.786017135092669	12.810722643805443	1.1763080057047806
-2.5413601425800945	11.841631114021913	1.1446131651698441
-2.688271388973295	12.672852711155516	1.6807919992745433
-2.567316735496375	12.684767954717815	0.6882054797342466
-1.7785564854178038	12.910731676202571	1.2598676741015087
-1.749876302987947	13.827345465157183	0.8611238853924316
-2.420156039184629	13.111561193201107	1.057026798245743
-2.9758866423571004	12.815048621448906	0.2803390929932317
-2.7456687068211165	12.810228201492977	-0.692788065043673
-2.5863741731914702	12.29466410023728	-1.5347019021149815
-2.014256385904104	11.768215600841652	-2.1636162165915285
-2.005439066837134	11.395914946801426	-1.2355459186691544
-1.9864402343652714	12.378596963770061	-1.0512225672153044
-1.0416826000338844	12.053766495433845	-1.0950195900937365
-1.0132949639021065	12.036732181683178	-2.094471426987267
-0.4466581837132472	12.096615242871117	-1.2726826595293605
-0.20678368618980444	12.146354884632595	-0.30315380824367255
-1.1420614606844508	12.496228450041041	-0.3564827193966304
-0.632622467804046	12.93458019062272	-1.0969688192404907
-1.3067066183908997	13.657155726489963	-0.9436875324055802
-1.9616177116509879	14.405208555740174	-1.0509648579485915
-2.121776982234933	13.868327826688192	-0.22264843844538593
-2.7860193366855306	13.438655672838049	0.38904097192530135
-3.5616310473482025	12.98403031626435	0.826924814334629
-2.596827551312992	12.727125898375386	0.7707613555083155
-1.6428496007919524	12.428912384302492	0.7392213817610392
-2.450164793065616	11.898125296671415	0.4813313898492074
-2.2823478162965993	10.921973741281725	0.34361572908993687
-1.5894048156402905	10.465319524447983	0.9015556219900451
-1.4068045830974816	10.021830060816729	0.02407385538552339
-1.241541213423323	9.966424744728481	-0.9606181114716734
-1.8690899998492059	9.519889553112595	-0.32281810888157253
-1.1052357887211326	8.954448464164141	-0.01168611266342205
-2.031945607070146	8.724291311996268	-0.3087325701099631
-1.1059823717768018	8.60701322758756	-0.6676725898939176
-2.0785249847006875	8.837797103867297	-0.6976670643263498
-2.8329273300076463	9.452059032973711	-0.9290960682256513
-2.590238997351148	8.509926505248465	-1.160372252460936
-2.3687074552193366	8.836911659805633	-0.24167508552293412
-1.8498621695832813	9.14049369131071	-1.0408230816541197
-1.430610660729803	8.248722080054916	-1.2110334388075807
-1.2692899248742577	8.401976882251832	-2.1859634802908676
-1.477156575828478	7.941154377129982	-3.048769411073865
-0.8307206935850148	7.216884454989785	-2.80886582620869
-1.2702749274662386	7.011132466179224	-3.683198826030605
-1.799438491441108	7.82307080134516	-3.929657874250367
-0.9741946963911742	8.386663038532584	-3.9662156219061386
-1.838381439715707	8.681109710234917	-4.374238207292734
-2.367141727986778	7.9440431715648465	-4.795124742026752
-2.3140126897182802	7.613855357470272	-3.8527058793568107
-2.023051920006198	8.51172818947397	-3.5223027800399107
-2.0984802772014115	7.532664596017431	-3.3332391851867627
-1.6814521768128385	6.966357399867066	-2.6223357296637224
-1.329369690216341	6.295864918133134	-3.2753883726951267
-0.6268447645158198	6.519466548379392	-2.5997693678405502
0.369240009772762	6.483114078159708	-2.6803523706350867
-0.09350342892048348	5.6178401275974945	-2.4875584380935742
-0.27164895528850685	5.631109260120912	-1.5036437560417482
-0.9393864080887572	5.382231488316648	-0.8020836739179292
-0.7022882371530668	4.946869754448793	-1.6705562515060313
-1.0353605560559915	5.603368080192536	-2.34736699216865
-0.7807429305355077	5.136148483806365	-1.5006818597096883
0.15346473894707402	5.471596161022749	-1.622052721657912
-0.31420354228018516	5.7303983012710455	-0.776885382643423
0.31898418421722424	5.356960273323463	-1.4548362232621745
1.2127691650708738	5.236548944277029	-1.022806687422657
1.1766927882679745	5.001782505832849	-1.9941888029760626
1.5837848239473646	4.603981200430993	-1.1719782484907857
1.6493793623615192	5.368945279774251	-1.8127023028579927
2.188885606995714	5.18964124721643	-0.9900340368423272
2.760068140177908	5.333511045233396	-0.18191771167241227
3.6649610904711625	5.395606563437687	0.23916766580881696
3.5845718558451285	5.920718292914777	-0.6080603097218699
4.10921976646842	6.356753265566711	-1.3392361247643478
4.9304330629434086	6.7807491929059305	-0.9573510958715736
4.51970381273458	5.9489593508889484	-0.5839516559412833
3.908289520342653	6.596997728764541	-1.0380648839574336
4.305071198216913	6.374326031889288	-1.9285600358330546
4.964097503287125	6.775194578109842	-2.5649472904795605
5.143038847371749	6.85146362740878	-1.5840481990862543
5.772280679154061	6.985498698607206	-0.8184834945549602
5.089507855278295	7.698692582603024	-0.6598147994456859
5.495868755593361	7.7608193236918925	-1.5714128944068475
6.378237037717882	8.231366350409806	-1.5748349329147384
6.48858345185275	7.491932010830826	-2.2389588116745216
7.442762726020774	7.4515430697061085	-1.9424615162686294
8.046465764408435	7.784067187810691	-2.667009894446571
8.511107047807023	8.531402360451374	-3.1419821225776636
9.184141102154612	8.906308453856983	-2.5044316674638814
8.89967852649002	8.933627426841237	-1.5461338448839697
8.145069434247466	8.867829905869879	-0.8932664738667683
7.885745132554667	8.55361471990448	0.019980329281382242
8.483406218216368	9.352884042202394	0.08298649659159353
9.351500739052064	9.050307826901863	0.4765084614543222
9.341510326641448	9.981952798690115	0.8397409465124748
9.94217725736686	9.254070920723867	0.5090035732671179
9.968893426830736	8.309097480448424	0.835057929875339
9.340501179633764	7.726722682733019	0.31934213736103306
9.45980883738608	6.736273550365505	0.25023208748343995
8.811737142228028	7.28187795262976	0.7815689995879929
8.614462546849333	6.4691712627406535	0.23330759275028645
7.713034849859426	6.146638093220989	-0.05548378810978674
6.941652049378688	6.234551436452554	0.5747858519684442
6.067241104366579	6.50132172984855	0.9800500988548649
5.497801861730717	7.1913455468194	1.4268230624048959
6.241195845070167	7.71672255052265	1.0128853986021018
6.577213283021619	6.7753894747821075	0.9815114936908091
6.231645173877105	5.84381946860164	0.8685512992540061
6.6999183971105785	5.555085925945167	1.703628020129158
5.87454043549267	5.083163377041203	1.3937242797331173
5.324110465675938	4.274637711014877	1.1856062946759613
5.151066925139064	3.492754570631618	0.5866783458683628
5.33006839293933	3.045632806561242	1.4630576031650817
4.714566355306878	3.5294016169103277	2.0852512866782864
4.068896800740074	4.1631924172920565	1.6593169635050873
3.226391775504007	4.469128805451746	2.1026996524452195
4.191920348816213	4.222997246704146	2.018001187841806
5.154017661929012	4.0101661445804675	2.1885053874087603
4.509766902744741	3.9202104820806576	1.4289996678287757
4.530892311037232	3.6186506546794295	2.382212858894769
5.294144428694416	3.0782632246334365	2.7363704937695514
5.992745598530344	3.7937311090791126	2.7284893878384273
6.579119248500102	4.563519070926399	2.4763139798063656
6.398271755418693	5.41498689392557	2.968550437866138
5.890931266963363	5.5281238690288035	2.114263803510658
4.9685445217478605	5.5789627054592525	1.7313563669660836
4.067389849182568	5.150706678782448	1.6641475005217123
3.1864337178616493	4.900620574757737	2.065860377165979
3.6963075109230905	4.463656192679117	2.806867019473451
4.395194429885042	3.8290663597836114	2.476938514355288
4.436159243651285	3.69125089262467	3.4665489331792076
3.5556157336365097	3.251648988121371	3.289367408950735
2.7915267178773537	2.840695120540308	2.792089926335269
1.8737622739574173	2.76696989897555	2.4018681724804143
1.8187467493255816	2.160863433374762	3.1953467445958856
1.890410909578403	2.3955764822857866	4.164766175392561
1.1151413232824483	2.633480327802549	4.7498805478470665
2.074324215243848	2.786375779458334	4.987769514870645
1.9287570904993467	3.282049084333014	5.843992725854926
2.2007049567693016	2.50015922665153	5.283018030805276
2.165001378160139	1.5322619788648737	5.034220578644832
3.106150408668887	1.2398206606112239	4.864760914563635
3.5310265627430617	2.1084030563160323	4.6097219458337015
3.977337836831257	2.6814577278017153	3.9223977209512944
3.801958566468611	2.235683061358812	3.044601014256182
3.2116116567826216	1.9141280473040743	3.784933979320181
4.122742017279962	1.7921250866410268	4.1785794337197455
3.5220178165897353	1.5973122659285661	4.953936383512005
3.644654887817482	0.9457737486342117	5.7025736182542754
2.8378780512986546	1.142262116182716	6.259801989278936
3.3724182611642335	1.4824812844010584	5.486162744143525
3.6461145769205032	1.1524119653387979	6.389569945440486
3.5544032628993794	0.48812484449200544	5.647740008084497
2.863873405744	0.9921903292597253	5.129004523041441
1.893575460953323	0.9068634552967654	4.902639280756553
2.1582361947800597	-0.056292319847877824	4.950447740006087
2.809723257494785	0.7011471191203256	4.99346056845149
1.9273041474631596	0.35099095662442104	4.679251758713234
1.902089031130872	-0.5355485051169935	4.217286412952761
1.7221138217278569	-1.2469975087051202	3.537985861433922
0.862313242180855	-0.8702047195751654	3.1933553963407904
1.0660313102654884	-1.847975130636784	3.2429938087676526
1.2455601871465671	-2.1166415251409845	2.2966388273627203
1.762085829728362	-2.081554864472228	1.441086265097503
1.05551109736833	-2.6252698764405493	0.9881777386259472
1.7554464133977539	-1.9111883853707492	1.0015260526140333
1.6753479245086307	-1.1439376526783578	0.3652002357083637
1.0070294827420825	-1.3508744960688768	-0.3493119078149643
0.15242594630595319	-1.495680961191769	-0.8479940542464097
-0.16220728165810913	-0.9856141950078459	-0.04747058432464058
0.	0.	0.
