version https://git-lfs.github.com/spec/v1
oid sha256:6448bb1e499b380e1165e5019dbc853d040a446a8e08761d39eb7f5eae436e41
size 126
